tm,MVm,PVm
0.000000000000000000e+00,0.000000000000000000e+00,0.000000000000000000e+00
1.000000000000000000e+00,1.000000000000000000e+00,0.000000000000000000e+00
2.000000000000000000e+00,1.000000000000000000e+00,0.000000000000000000e+00
3.000000000000000000e+00,1.000000000000000000e+00,0.000000000000000000e+00
4.000000000000000000e+00,1.000000000000000000e+00,0.000000000000000000e+00
5.000000000000000000e+00,1.000000000000000000e+00,0.000000000000000000e+00
6.000000000000000000e+00,1.000000000000000000e+00,0.000000000000000000e+00
7.000000000000000000e+00,1.000000000000000000e+00,0.000000000000000000e+00
8.000000000000000000e+00,1.000000000000000000e+00,9.999999999999787705e-04
9.000000000000000000e+00,1.000000000000000000e+00,0.000000000000000000e+00
1.000000000000000000e+01,1.000000000000000000e+00,4.000000000000092024e-03
1.100000000000000000e+01,1.000000000000000000e+00,6.500000000000128071e-03
1.200000000000000000e+01,1.000000000000000000e+00,8.250000000000135697e-03
1.300000000000000000e+01,1.000000000000000000e+00,8.250000000000135697e-03
1.400000000000000000e+01,1.000000000000000000e+00,8.250000000000135697e-03
1.500000000000000000e+01,1.000000000000000000e+00,8.250000000000135697e-03
1.600000000000000000e+01,1.000000000000000000e+00,8.999999999999985442e-03
1.700000000000000000e+01,1.000000000000000000e+00,8.250000000000135697e-03
1.800000000000000000e+01,1.000000000000000000e+00,1.050000000000004229e-02
1.900000000000000000e+01,1.000000000000000000e+00,1.375000000000010589e-02
2.000000000000000000e+01,1.000000000000000000e+00,1.625000000000014280e-02
2.100000000000000000e+01,1.000000000000000000e+00,1.625000000000014280e-02
2.200000000000000000e+01,1.000000000000000000e+00,2.025000000000005615e-02
2.300000000000000000e+01,1.000000000000000000e+00,2.425000000000014991e-02
2.400000000000000000e+01,1.000000000000000000e+00,2.425000000000014991e-02
2.500000000000000000e+01,1.000000000000000000e+00,2.425000000000014991e-02
2.600000000000000000e+01,1.000000000000000000e+00,3.000000000000007175e-02
2.700000000000000000e+01,1.000000000000000000e+00,3.224999999999998007e-02
2.800000000000000000e+01,1.000000000000000000e+00,3.224999999999998007e-02
2.900000000000000000e+01,1.000000000000000000e+00,3.399999999999998856e-02
3.000000000000000000e+01,1.000000000000000000e+00,3.725000000000004696e-02
3.100000000000000000e+01,1.000000000000000000e+00,4.024999999999998718e-02
3.200000000000000000e+01,1.000000000000000000e+00,4.024999999999998718e-02
3.300000000000000000e+01,1.000000000000000000e+00,4.024999999999998718e-02
3.400000000000000000e+01,1.000000000000000000e+00,4.024999999999998718e-02
3.500000000000000000e+01,1.000000000000000000e+00,4.024999999999998718e-02
3.600000000000000000e+01,1.000000000000000000e+00,4.600000000000008249e-02
3.700000000000000000e+01,1.000000000000000000e+00,4.850000000000011940e-02
3.800000000000000000e+01,1.000000000000000000e+00,4.850000000000011940e-02
3.900000000000000000e+01,1.000000000000000000e+00,4.850000000000011940e-02
4.000000000000000000e+01,1.000000000000000000e+00,4.925000000000014783e-02
4.100000000000000000e+01,1.000000000000000000e+00,5.650000000000012651e-02
4.200000000000000000e+01,1.000000000000000000e+00,5.650000000000012651e-02
4.300000000000000000e+01,1.000000000000000000e+00,5.650000000000012651e-02
4.400000000000000000e+01,1.000000000000000000e+00,5.650000000000012651e-02
4.500000000000000000e+01,1.000000000000000000e+00,5.650000000000012651e-02
4.600000000000000000e+01,1.000000000000000000e+00,5.650000000000012651e-02
4.700000000000000000e+01,1.000000000000000000e+00,5.724999999999998146e-02
4.800000000000000000e+01,1.000000000000000000e+00,5.800000000000000988e-02
4.900000000000000000e+01,1.000000000000000000e+00,6.375000000000011213e-02
5.000000000000000000e+01,1.000000000000000000e+00,6.450000000000014055e-02
5.100000000000000000e+01,1.000000000000000000e+00,6.450000000000014055e-02
5.200000000000000000e+01,1.000000000000000000e+00,6.524999999999998856e-02
5.300000000000000000e+01,1.000000000000000000e+00,7.250000000000014766e-02
5.400000000000000000e+01,1.000000000000000000e+00,7.250000000000014766e-02
5.500000000000000000e+01,1.000000000000000000e+00,7.250000000000014766e-02
5.600000000000000000e+01,1.000000000000000000e+00,7.250000000000014766e-02
5.700000000000000000e+01,1.000000000000000000e+00,7.575000000000002565e-02
5.800000000000000000e+01,1.000000000000000000e+00,7.750000000000004108e-02
5.900000000000000000e+01,1.000000000000000000e+00,8.075000000000009948e-02
6.000000000000000000e+01,1.000000000000000000e+00,8.550000000000004818e-02
6.100000000000000000e+01,1.000000000000000000e+00,8.875000000000010658e-02
6.200000000000000000e+01,1.000000000000000000e+00,8.950000000000013500e-02
6.300000000000000000e+01,1.000000000000000000e+00,9.675000000000011369e-02
6.400000000000000000e+01,1.000000000000000000e+00,9.675000000000011369e-02
6.500000000000000000e+01,1.000000000000000000e+00,9.824999999999999012e-02
6.600000000000000000e+01,1.000000000000000000e+00,1.047500000000001208e-01
6.700000000000000000e+01,1.000000000000000000e+00,1.047500000000001208e-01
6.800000000000000000e+01,1.000000000000000000e+00,1.047500000000001208e-01
6.900000000000000000e+01,1.000000000000000000e+00,1.047500000000001208e-01
7.000000000000000000e+01,1.000000000000000000e+00,1.065000000000001223e-01
7.100000000000000000e+01,1.000000000000000000e+00,1.087500000000000411e-01
7.200000000000000000e+01,1.000000000000000000e+00,1.097500000000000142e-01
7.300000000000000000e+01,1.000000000000000000e+00,1.120000000000000995e-01
7.400000000000000000e+01,1.000000000000000000e+00,1.127500000000001279e-01
7.500000000000000000e+01,1.000000000000000000e+00,1.112500000000000711e-01
7.600000000000000000e+01,1.000000000000000000e+00,1.127500000000001279e-01
7.700000000000000000e+01,1.000000000000000000e+00,1.127500000000001279e-01
7.800000000000000000e+01,1.000000000000000000e+00,1.169999999999999929e-01
7.900000000000000000e+01,1.000000000000000000e+00,1.210000000000000797e-01
8.000000000000000000e+01,1.000000000000000000e+00,1.210000000000000797e-01
8.100000000000000000e+01,1.000000000000000000e+00,1.217500000000001081e-01
8.200000000000000000e+01,1.000000000000000000e+00,1.210000000000000797e-01
8.300000000000000000e+01,1.000000000000000000e+00,1.210000000000000797e-01
8.400000000000000000e+01,1.000000000000000000e+00,1.225000000000001366e-01
8.500000000000000000e+01,1.000000000000000000e+00,1.272500000000000853e-01
8.600000000000000000e+01,1.000000000000000000e+00,1.290000000000000868e-01
8.700000000000000000e+01,1.000000000000000000e+00,1.290000000000000868e-01
8.800000000000000000e+01,1.000000000000000000e+00,1.290000000000000868e-01
8.900000000000000000e+01,1.000000000000000000e+00,1.315000000000001168e-01
9.000000000000000000e+01,1.000000000000000000e+00,1.370000000000000939e-01
9.100000000000000000e+01,1.000000000000000000e+00,1.370000000000000939e-01
9.200000000000000000e+01,1.000000000000000000e+00,1.377500000000001223e-01
9.300000000000000000e+01,1.000000000000000000e+00,1.402499999999999858e-01
9.400000000000000000e+01,1.000000000000000000e+00,1.362500000000000655e-01
9.500000000000000000e+01,1.000000000000000000e+00,1.450000000000001010e-01
9.600000000000000000e+01,1.000000000000000000e+00,1.450000000000001010e-01
9.700000000000000000e+01,1.000000000000000000e+00,1.450000000000001010e-01
9.800000000000000000e+01,1.000000000000000000e+00,1.442500000000000726e-01
9.900000000000000000e+01,1.000000000000000000e+00,1.402499999999999858e-01
1.000000000000000000e+02,1.000000000000000000e+00,1.507500000000000229e-01
1.010000000000000000e+02,1.000000000000000000e+00,1.532500000000000528e-01
1.020000000000000000e+02,1.000000000000000000e+00,1.532500000000000528e-01
1.030000000000000000e+02,1.000000000000000000e+00,1.532500000000000528e-01
1.040000000000000000e+02,1.000000000000000000e+00,1.532500000000000528e-01
1.050000000000000000e+02,1.000000000000000000e+00,1.532500000000000528e-01
1.060000000000000000e+02,1.000000000000000000e+00,1.532500000000000528e-01
1.070000000000000000e+02,1.000000000000000000e+00,1.532500000000000528e-01
1.080000000000000000e+02,1.000000000000000000e+00,1.532500000000000528e-01
1.090000000000000000e+02,1.000000000000000000e+00,1.532500000000000528e-01
1.100000000000000000e+02,1.000000000000000000e+00,1.555000000000001381e-01
1.110000000000000000e+02,1.000000000000000000e+00,1.580000000000000016e-01
1.120000000000000000e+02,1.000000000000000000e+00,1.595000000000000584e-01
1.130000000000000000e+02,1.000000000000000000e+00,1.612500000000000600e-01
1.140000000000000000e+02,1.000000000000000000e+00,1.612500000000000600e-01
1.150000000000000000e+02,1.000000000000000000e+00,1.645000000000001461e-01
1.160000000000000000e+02,1.000000000000000000e+00,1.637500000000001177e-01
1.170000000000000000e+02,1.000000000000000000e+00,1.677500000000000102e-01
1.180000000000000000e+02,1.000000000000000000e+00,1.685000000000000386e-01
1.190000000000000000e+02,1.000000000000000000e+00,1.677500000000000102e-01
1.200000000000000000e+02,1.000000000000000000e+00,1.685000000000000386e-01
1.210000000000000000e+02,1.000000000000000000e+00,1.692500000000000671e-01
1.220000000000000000e+02,1.000000000000000000e+00,1.692500000000000671e-01
1.230000000000000000e+02,1.000000000000000000e+00,1.692500000000000671e-01
1.240000000000000000e+02,1.000000000000000000e+00,1.700000000000000955e-01
1.250000000000000000e+02,1.000000000000000000e+00,1.757500000000000173e-01
1.260000000000000000e+02,1.000000000000000000e+00,1.765000000000000457e-01
1.270000000000000000e+02,1.000000000000000000e+00,1.772500000000000742e-01
1.280000000000000000e+02,1.000000000000000000e+00,1.772500000000000742e-01
1.290000000000000000e+02,1.000000000000000000e+00,1.772500000000000742e-01
1.300000000000000000e+02,1.000000000000000000e+00,1.772500000000000742e-01
1.310000000000000000e+02,1.000000000000000000e+00,1.772500000000000742e-01
1.320000000000000000e+02,1.000000000000000000e+00,1.772500000000000742e-01
1.330000000000000000e+02,1.000000000000000000e+00,1.812499999999999944e-01
1.340000000000000000e+02,1.000000000000000000e+00,1.837500000000000244e-01
1.350000000000000000e+02,1.000000000000000000e+00,1.855000000000000537e-01
1.360000000000000000e+02,1.000000000000000000e+00,1.862500000000000822e-01
1.370000000000000000e+02,1.000000000000000000e+00,1.855000000000000537e-01
1.380000000000000000e+02,1.000000000000000000e+00,1.927500000000000324e-01
1.390000000000000000e+02,1.000000000000000000e+00,1.902499999999999747e-01
1.400000000000000000e+02,1.000000000000000000e+00,1.902499999999999747e-01
1.410000000000000000e+02,1.000000000000000000e+00,1.917500000000000315e-01
1.420000000000000000e+02,1.000000000000000000e+00,1.935000000000000608e-01
1.430000000000000000e+02,1.000000000000000000e+00,1.935000000000000608e-01
1.440000000000000000e+02,1.000000000000000000e+00,1.935000000000000608e-01
1.450000000000000000e+02,1.000000000000000000e+00,1.935000000000000608e-01
1.460000000000000000e+02,1.000000000000000000e+00,1.935000000000000608e-01
1.470000000000000000e+02,1.000000000000000000e+00,1.935000000000000608e-01
1.480000000000000000e+02,1.000000000000000000e+00,1.935000000000000608e-01
1.490000000000000000e+02,1.000000000000000000e+00,1.942500000000000893e-01
1.500000000000000000e+02,1.000000000000000000e+00,1.982499999999999818e-01
1.510000000000000000e+02,1.000000000000000000e+00,2.000000000000000111e-01
1.520000000000000000e+02,1.000000000000000000e+00,2.007500000000000395e-01
1.530000000000000000e+02,1.000000000000000000e+00,2.015000000000000679e-01
1.540000000000000000e+02,1.000000000000000000e+00,2.015000000000000679e-01
1.550000000000000000e+02,1.000000000000000000e+00,2.015000000000000679e-01
1.560000000000000000e+02,1.000000000000000000e+00,2.015000000000000679e-01
1.570000000000000000e+02,1.000000000000000000e+00,2.015000000000000679e-01
1.580000000000000000e+02,1.000000000000000000e+00,2.015000000000000679e-01
1.590000000000000000e+02,1.000000000000000000e+00,2.022500000000000964e-01
1.600000000000000000e+02,1.000000000000000000e+00,2.095000000000000751e-01
1.610000000000000000e+02,1.000000000000000000e+00,2.095000000000000751e-01
1.620000000000000000e+02,1.000000000000000000e+00,2.095000000000000751e-01
1.630000000000000000e+02,1.000000000000000000e+00,2.102500000000001035e-01
1.640000000000000000e+02,1.000000000000000000e+00,2.095000000000000751e-01
1.650000000000000000e+02,1.000000000000000000e+00,2.160000000000000253e-01
1.660000000000000000e+02,1.000000000000000000e+00,2.175000000000000822e-01
1.670000000000000000e+02,1.000000000000000000e+00,2.185000000000000553e-01
1.680000000000000000e+02,1.000000000000000000e+00,2.257500000000000340e-01
1.690000000000000000e+02,1.000000000000000000e+00,2.257500000000000340e-01
1.700000000000000000e+02,1.000000000000000000e+00,2.257500000000000340e-01
1.710000000000000000e+02,1.000000000000000000e+00,2.257500000000000340e-01
1.720000000000000000e+02,1.000000000000000000e+00,2.257500000000000340e-01
1.730000000000000000e+02,1.000000000000000000e+00,2.257500000000000340e-01
1.740000000000000000e+02,1.000000000000000000e+00,2.290000000000000924e-01
1.750000000000000000e+02,1.000000000000000000e+00,2.290000000000000924e-01
1.760000000000000000e+02,1.000000000000000000e+00,2.320000000000000395e-01
1.770000000000000000e+02,1.000000000000000000e+00,2.337500000000000411e-01
1.780000000000000000e+02,1.000000000000000000e+00,2.337500000000000411e-01
1.790000000000000000e+02,1.000000000000000000e+00,2.337500000000000411e-01
1.800000000000000000e+02,1.000000000000000000e+00,2.337500000000000411e-01
1.810000000000000000e+02,1.000000000000000000e+00,2.337500000000000411e-01
1.820000000000000000e+02,1.000000000000000000e+00,2.337500000000000411e-01
1.830000000000000000e+02,1.000000000000000000e+00,2.337500000000000411e-01
1.840000000000000000e+02,1.000000000000000000e+00,2.337500000000000411e-01
1.850000000000000000e+02,1.000000000000000000e+00,2.330000000000000127e-01
1.860000000000000000e+02,1.000000000000000000e+00,2.337500000000000411e-01
1.870000000000000000e+02,1.000000000000000000e+00,2.305000000000001492e-01
1.880000000000000000e+02,1.000000000000000000e+00,2.320000000000000395e-01
1.890000000000000000e+02,1.000000000000000000e+00,2.337500000000000411e-01
1.900000000000000000e+02,1.000000000000000000e+00,2.337500000000000411e-01
1.910000000000000000e+02,1.000000000000000000e+00,2.337500000000000411e-01
1.920000000000000000e+02,1.000000000000000000e+00,2.337500000000000411e-01
1.930000000000000000e+02,1.000000000000000000e+00,2.337500000000000411e-01
1.940000000000000000e+02,1.000000000000000000e+00,2.337500000000000411e-01
1.950000000000000000e+02,1.000000000000000000e+00,2.352500000000000979e-01
1.960000000000000000e+02,1.000000000000000000e+00,2.417500000000000482e-01
1.970000000000000000e+02,1.000000000000000000e+00,2.417500000000000482e-01
1.980000000000000000e+02,1.000000000000000000e+00,2.417500000000000482e-01
1.990000000000000000e+02,1.000000000000000000e+00,2.417500000000000482e-01
2.000000000000000000e+02,1.000000000000000000e+00,2.425000000000000766e-01
2.010000000000000000e+02,1.000000000000000000e+00,2.425000000000000766e-01
2.020000000000000000e+02,1.000000000000000000e+00,2.482499999999999984e-01
2.030000000000000000e+02,1.000000000000000000e+00,2.497500000000000553e-01
2.040000000000000000e+02,1.000000000000000000e+00,2.490000000000000269e-01
2.050000000000000000e+02,1.000000000000000000e+00,2.497500000000000553e-01
2.060000000000000000e+02,1.000000000000000000e+00,2.490000000000000269e-01
2.070000000000000000e+02,1.000000000000000000e+00,2.497500000000000553e-01
2.080000000000000000e+02,1.000000000000000000e+00,2.497500000000000553e-01
2.090000000000000000e+02,1.000000000000000000e+00,2.497500000000000553e-01
2.100000000000000000e+02,1.000000000000000000e+00,2.497500000000000553e-01
2.110000000000000000e+02,1.000000000000000000e+00,2.497500000000000553e-01
2.120000000000000000e+02,1.000000000000000000e+00,2.497500000000000553e-01
2.130000000000000000e+02,1.000000000000000000e+00,2.497500000000000553e-01
2.140000000000000000e+02,1.000000000000000000e+00,2.497500000000000553e-01
2.150000000000000000e+02,1.000000000000000000e+00,2.497500000000000553e-01
2.160000000000000000e+02,1.000000000000000000e+00,2.530000000000001137e-01
2.170000000000000000e+02,1.000000000000000000e+00,2.537500000000001421e-01
2.180000000000000000e+02,1.000000000000000000e+00,2.530000000000001137e-01
2.190000000000000000e+02,1.000000000000000000e+00,2.555000000000001714e-01
2.200000000000000000e+02,1.000000000000000000e+00,2.580000000000000071e-01
2.210000000000000000e+02,1.000000000000000000e+00,2.570000000000000062e-01
2.220000000000000000e+02,1.000000000000000000e+00,2.570000000000000062e-01
2.230000000000000000e+02,1.000000000000000000e+00,2.580000000000000071e-01
2.240000000000000000e+02,1.000000000000000000e+00,2.580000000000000071e-01
2.250000000000000000e+02,1.000000000000000000e+00,2.580000000000000071e-01
2.260000000000000000e+02,1.000000000000000000e+00,2.580000000000000071e-01
2.270000000000000000e+02,1.000000000000000000e+00,2.595000000000000639e-01
2.280000000000000000e+02,1.000000000000000000e+00,2.580000000000000071e-01
2.290000000000000000e+02,1.000000000000000000e+00,2.595000000000000639e-01
2.300000000000000000e+02,1.000000000000000000e+00,2.595000000000000639e-01
2.310000000000000000e+02,1.000000000000000000e+00,2.580000000000000071e-01
2.320000000000000000e+02,1.000000000000000000e+00,2.620000000000001217e-01
2.330000000000000000e+02,1.000000000000000000e+00,2.587500000000000355e-01
2.340000000000000000e+02,1.000000000000000000e+00,2.642499999999999849e-01
2.350000000000000000e+02,1.000000000000000000e+00,2.652499999999999858e-01
2.360000000000000000e+02,1.000000000000000000e+00,2.652499999999999858e-01
2.370000000000000000e+02,1.000000000000000000e+00,2.660000000000000142e-01
2.380000000000000000e+02,1.000000000000000000e+00,2.660000000000000142e-01
2.390000000000000000e+02,1.000000000000000000e+00,2.660000000000000142e-01
2.400000000000000000e+02,1.000000000000000000e+00,2.660000000000000142e-01
2.410000000000000000e+02,1.000000000000000000e+00,2.660000000000000142e-01
2.420000000000000000e+02,1.000000000000000000e+00,2.725000000000001310e-01
2.430000000000000000e+02,1.000000000000000000e+00,2.740000000000000213e-01
2.440000000000000000e+02,1.000000000000000000e+00,2.740000000000000213e-01
2.450000000000000000e+02,1.000000000000000000e+00,2.740000000000000213e-01
2.460000000000000000e+02,1.000000000000000000e+00,2.772500000000001075e-01
2.470000000000000000e+02,1.000000000000000000e+00,2.787500000000001643e-01
2.480000000000000000e+02,1.000000000000000000e+00,2.812500000000000000e-01
2.490000000000000000e+02,1.000000000000000000e+00,2.820000000000000284e-01
2.500000000000000000e+02,1.000000000000000000e+00,2.820000000000000284e-01
2.510000000000000000e+02,1.000000000000000000e+00,2.820000000000000284e-01
2.520000000000000000e+02,1.000000000000000000e+00,2.820000000000000284e-01
2.530000000000000000e+02,1.000000000000000000e+00,2.820000000000000284e-01
2.540000000000000000e+02,1.000000000000000000e+00,2.820000000000000284e-01
2.550000000000000000e+02,1.000000000000000000e+00,2.820000000000000284e-01
2.560000000000000000e+02,1.000000000000000000e+00,2.820000000000000284e-01
2.570000000000000000e+02,1.000000000000000000e+00,2.820000000000000284e-01
2.580000000000000000e+02,1.000000000000000000e+00,2.820000000000000284e-01
2.590000000000000000e+02,1.000000000000000000e+00,2.820000000000000284e-01
2.600000000000000000e+02,1.000000000000000000e+00,2.860000000000001430e-01
2.610000000000000000e+02,1.000000000000000000e+00,2.900000000000000355e-01
2.620000000000000000e+02,1.000000000000000000e+00,2.900000000000000355e-01
2.630000000000000000e+02,1.000000000000000000e+00,2.900000000000000355e-01
2.640000000000000000e+02,1.000000000000000000e+00,2.900000000000000355e-01
2.650000000000000000e+02,1.000000000000000000e+00,2.900000000000000355e-01
2.660000000000000000e+02,1.000000000000000000e+00,2.900000000000000355e-01
2.670000000000000000e+02,1.000000000000000000e+00,2.900000000000000355e-01
2.680000000000000000e+02,1.000000000000000000e+00,2.910000000000000364e-01
2.690000000000000000e+02,1.000000000000000000e+00,2.917500000000000648e-01
2.700000000000000000e+02,1.000000000000000000e+00,2.972500000000000142e-01
2.710000000000000000e+02,1.000000000000000000e+00,2.982500000000000151e-01
2.720000000000000000e+02,1.000000000000000000e+00,2.982500000000000151e-01
2.730000000000000000e+02,1.000000000000000000e+00,2.982500000000000151e-01
2.740000000000000000e+02,1.000000000000000000e+00,3.022500000000000742e-01
2.750000000000000000e+02,1.000000000000000000e+00,3.044999999999999929e-01
2.760000000000000000e+02,1.000000000000000000e+00,3.062500000000000222e-01
2.770000000000000000e+02,1.000000000000000000e+00,3.062500000000000222e-01
2.780000000000000000e+02,1.000000000000000000e+00,3.055000000000001603e-01
2.790000000000000000e+02,1.000000000000000000e+00,3.062500000000000222e-01
2.800000000000000000e+02,1.000000000000000000e+00,3.062500000000000222e-01
2.810000000000000000e+02,1.000000000000000000e+00,3.062500000000000222e-01
2.820000000000000000e+02,1.000000000000000000e+00,3.062500000000000222e-01
2.830000000000000000e+02,1.000000000000000000e+00,3.062500000000000222e-01
2.840000000000000000e+02,1.000000000000000000e+00,3.062500000000000222e-01
2.850000000000000000e+02,1.000000000000000000e+00,3.062500000000000222e-01
2.860000000000000000e+02,1.000000000000000000e+00,3.062500000000000222e-01
2.870000000000000000e+02,1.000000000000000000e+00,3.062500000000000222e-01
2.880000000000000000e+02,1.000000000000000000e+00,3.062500000000000222e-01
2.890000000000000000e+02,1.000000000000000000e+00,3.062500000000000222e-01
2.900000000000000000e+02,1.000000000000000000e+00,3.055000000000001603e-01
2.910000000000000000e+02,1.000000000000000000e+00,3.044999999999999929e-01
2.920000000000000000e+02,1.000000000000000000e+00,3.044999999999999929e-01
2.930000000000000000e+02,1.000000000000000000e+00,3.055000000000001603e-01
2.940000000000000000e+02,1.000000000000000000e+00,3.062500000000000222e-01
2.950000000000000000e+02,1.000000000000000000e+00,3.044999999999999929e-01
2.960000000000000000e+02,1.000000000000000000e+00,3.062500000000000222e-01
2.970000000000000000e+02,1.000000000000000000e+00,3.037500000000001310e-01
2.980000000000000000e+02,1.000000000000000000e+00,3.055000000000001603e-01
2.990000000000000000e+02,1.000000000000000000e+00,3.037500000000001310e-01
3.000000000000000000e+02,1.000000000000000000e+00,3.055000000000001603e-01
3.010000000000000000e+02,1.000000000000000000e+00,3.055000000000001603e-01
3.020000000000000000e+02,1.000000000000000000e+00,3.062500000000000222e-01
3.030000000000000000e+02,1.000000000000000000e+00,3.062500000000000222e-01
3.040000000000000000e+02,1.000000000000000000e+00,3.062500000000000222e-01
3.050000000000000000e+02,1.000000000000000000e+00,3.062500000000000222e-01
3.060000000000000000e+02,1.000000000000000000e+00,3.062500000000000222e-01
3.070000000000000000e+02,1.000000000000000000e+00,3.127500000000001390e-01
3.080000000000000000e+02,1.000000000000000000e+00,3.142500000000000293e-01
3.090000000000000000e+02,1.000000000000000000e+00,3.142500000000000293e-01
3.100000000000000000e+02,1.000000000000000000e+00,3.135000000000000009e-01
3.110000000000000000e+02,1.000000000000000000e+00,3.127500000000001390e-01
3.120000000000000000e+02,1.000000000000000000e+00,3.142500000000000293e-01
3.130000000000000000e+02,1.000000000000000000e+00,3.142500000000000293e-01
3.140000000000000000e+02,1.000000000000000000e+00,3.142500000000000293e-01
3.150000000000000000e+02,1.000000000000000000e+00,3.142500000000000293e-01
3.160000000000000000e+02,1.000000000000000000e+00,3.142500000000000293e-01
3.170000000000000000e+02,1.000000000000000000e+00,3.142500000000000293e-01
3.180000000000000000e+02,1.000000000000000000e+00,3.142500000000000293e-01
3.190000000000000000e+02,1.000000000000000000e+00,3.142500000000000293e-01
3.200000000000000000e+02,1.000000000000000000e+00,3.142500000000000293e-01
3.210000000000000000e+02,1.000000000000000000e+00,3.142500000000000293e-01
3.220000000000000000e+02,1.000000000000000000e+00,3.142500000000000293e-01
3.230000000000000000e+02,1.000000000000000000e+00,3.142500000000000293e-01
3.240000000000000000e+02,1.000000000000000000e+00,3.142500000000000293e-01
3.250000000000000000e+02,1.000000000000000000e+00,3.142500000000000293e-01
3.260000000000000000e+02,1.000000000000000000e+00,3.142500000000000293e-01
3.270000000000000000e+02,1.000000000000000000e+00,3.167500000000000315e-01
3.280000000000000000e+02,1.000000000000000000e+00,3.222500000000000364e-01
3.290000000000000000e+02,1.000000000000000000e+00,3.222500000000000364e-01
3.300000000000000000e+02,1.000000000000000000e+00,3.222500000000000364e-01
3.310000000000000000e+02,1.000000000000000000e+00,3.222500000000000364e-01
3.320000000000000000e+02,1.000000000000000000e+00,3.222500000000000364e-01
3.330000000000000000e+02,1.000000000000000000e+00,3.222500000000000364e-01
3.340000000000000000e+02,1.000000000000000000e+00,3.305000000000001270e-01
3.350000000000000000e+02,1.000000000000000000e+00,3.305000000000001270e-01
3.360000000000000000e+02,1.000000000000000000e+00,3.305000000000001270e-01
3.370000000000000000e+02,1.000000000000000000e+00,3.335000000000000742e-01
3.380000000000000000e+02,1.000000000000000000e+00,3.384999999999999676e-01
3.390000000000000000e+02,1.000000000000000000e+00,3.384999999999999676e-01
3.400000000000000000e+02,1.000000000000000000e+00,3.384999999999999676e-01
3.410000000000000000e+02,1.000000000000000000e+00,3.384999999999999676e-01
3.420000000000000000e+02,1.000000000000000000e+00,3.377500000000001057e-01
3.430000000000000000e+02,1.000000000000000000e+00,3.384999999999999676e-01
3.440000000000000000e+02,1.000000000000000000e+00,3.384999999999999676e-01
3.450000000000000000e+02,1.000000000000000000e+00,3.384999999999999676e-01
3.460000000000000000e+02,1.000000000000000000e+00,3.384999999999999676e-01
3.470000000000000000e+02,1.000000000000000000e+00,3.384999999999999676e-01
3.480000000000000000e+02,1.000000000000000000e+00,3.384999999999999676e-01
3.490000000000000000e+02,1.000000000000000000e+00,3.384999999999999676e-01
3.500000000000000000e+02,1.000000000000000000e+00,3.384999999999999676e-01
3.510000000000000000e+02,1.000000000000000000e+00,3.400000000000000244e-01
3.520000000000000000e+02,1.000000000000000000e+00,3.384999999999999676e-01
3.530000000000000000e+02,1.000000000000000000e+00,3.384999999999999676e-01
3.540000000000000000e+02,1.000000000000000000e+00,3.384999999999999676e-01
3.550000000000000000e+02,1.000000000000000000e+00,3.384999999999999676e-01
3.560000000000000000e+02,1.000000000000000000e+00,3.384999999999999676e-01
3.570000000000000000e+02,1.000000000000000000e+00,3.384999999999999676e-01
3.580000000000000000e+02,1.000000000000000000e+00,3.384999999999999676e-01
3.590000000000000000e+02,1.000000000000000000e+00,3.400000000000000244e-01
3.600000000000000000e+02,1.000000000000000000e+00,3.425000000000000822e-01
3.610000000000000000e+02,1.000000000000000000e+00,3.384999999999999676e-01
3.620000000000000000e+02,1.000000000000000000e+00,3.407500000000000528e-01
3.630000000000000000e+02,1.000000000000000000e+00,3.400000000000000244e-01
3.640000000000000000e+02,1.000000000000000000e+00,3.384999999999999676e-01
3.650000000000000000e+02,1.000000000000000000e+00,3.384999999999999676e-01
3.660000000000000000e+02,1.000000000000000000e+00,3.384999999999999676e-01
3.670000000000000000e+02,1.000000000000000000e+00,3.392499999999999960e-01
3.680000000000000000e+02,1.000000000000000000e+00,3.384999999999999676e-01
3.690000000000000000e+02,1.000000000000000000e+00,3.384999999999999676e-01
3.700000000000000000e+02,1.000000000000000000e+00,3.392499999999999960e-01
3.710000000000000000e+02,1.000000000000000000e+00,3.384999999999999676e-01
3.720000000000000000e+02,1.000000000000000000e+00,3.384999999999999676e-01
3.730000000000000000e+02,1.000000000000000000e+00,3.384999999999999676e-01
3.740000000000000000e+02,1.000000000000000000e+00,3.384999999999999676e-01
3.750000000000000000e+02,1.000000000000000000e+00,3.384999999999999676e-01
3.760000000000000000e+02,1.000000000000000000e+00,3.384999999999999676e-01
3.770000000000000000e+02,1.000000000000000000e+00,3.384999999999999676e-01
3.780000000000000000e+02,1.000000000000000000e+00,3.384999999999999676e-01
3.790000000000000000e+02,1.000000000000000000e+00,3.384999999999999676e-01
3.800000000000000000e+02,1.000000000000000000e+00,3.432500000000001106e-01
3.810000000000000000e+02,1.000000000000000000e+00,3.450000000000000844e-01
3.820000000000000000e+02,1.000000000000000000e+00,3.407500000000000528e-01
3.830000000000000000e+02,1.000000000000000000e+00,3.392499999999999960e-01
3.840000000000000000e+02,1.000000000000000000e+00,3.384999999999999676e-01
3.850000000000000000e+02,1.000000000000000000e+00,3.384999999999999676e-01
3.860000000000000000e+02,1.000000000000000000e+00,3.384999999999999676e-01
3.870000000000000000e+02,1.000000000000000000e+00,3.377500000000001057e-01
3.880000000000000000e+02,1.000000000000000000e+00,3.352500000000001035e-01
3.890000000000000000e+02,1.000000000000000000e+00,3.360000000000001319e-01
3.900000000000000000e+02,1.000000000000000000e+00,3.360000000000001319e-01
3.910000000000000000e+02,1.000000000000000000e+00,3.377500000000001057e-01
3.920000000000000000e+02,1.000000000000000000e+00,3.384999999999999676e-01
3.930000000000000000e+02,1.000000000000000000e+00,3.384999999999999676e-01
3.940000000000000000e+02,1.000000000000000000e+00,3.392499999999999960e-01
3.950000000000000000e+02,1.000000000000000000e+00,3.457500000000001128e-01
3.960000000000000000e+02,1.000000000000000000e+00,3.464999999999999747e-01
3.970000000000000000e+02,1.000000000000000000e+00,3.464999999999999747e-01
3.980000000000000000e+02,1.000000000000000000e+00,3.464999999999999747e-01
3.990000000000000000e+02,1.000000000000000000e+00,3.464999999999999747e-01
4.000000000000000000e+02,1.000000000000000000e+00,3.464999999999999747e-01
4.010000000000000000e+02,1.000000000000000000e+00,3.392499999999999960e-01
4.020000000000000000e+02,1.000000000000000000e+00,3.392499999999999960e-01
4.030000000000000000e+02,1.000000000000000000e+00,3.417500000000000537e-01
4.040000000000000000e+02,1.000000000000000000e+00,3.417500000000000537e-01
4.050000000000000000e+02,1.000000000000000000e+00,3.392499999999999960e-01
4.060000000000000000e+02,1.000000000000000000e+00,3.425000000000000822e-01
4.070000000000000000e+02,1.000000000000000000e+00,3.392499999999999960e-01
4.080000000000000000e+02,1.000000000000000000e+00,3.417500000000000537e-01
4.090000000000000000e+02,1.000000000000000000e+00,3.417500000000000537e-01
4.100000000000000000e+02,1.000000000000000000e+00,3.464999999999999747e-01
4.110000000000000000e+02,1.000000000000000000e+00,3.464999999999999747e-01
4.120000000000000000e+02,1.000000000000000000e+00,3.464999999999999747e-01
4.130000000000000000e+02,1.000000000000000000e+00,3.464999999999999747e-01
4.140000000000000000e+02,1.000000000000000000e+00,3.464999999999999747e-01
4.150000000000000000e+02,1.000000000000000000e+00,3.472500000000000031e-01
4.160000000000000000e+02,1.000000000000000000e+00,3.464999999999999747e-01
4.170000000000000000e+02,1.000000000000000000e+00,3.530000000000000915e-01
4.180000000000000000e+02,1.000000000000000000e+00,3.505000000000000893e-01
4.190000000000000000e+02,1.000000000000000000e+00,3.497500000000000608e-01
4.200000000000000000e+02,1.000000000000000000e+00,3.464999999999999747e-01
4.210000000000000000e+02,1.000000000000000000e+00,3.480000000000000315e-01
4.220000000000000000e+02,1.000000000000000000e+00,3.480000000000000315e-01
4.230000000000000000e+02,1.000000000000000000e+00,3.497500000000000608e-01
4.240000000000000000e+02,1.000000000000000000e+00,3.480000000000000315e-01
4.250000000000000000e+02,1.000000000000000000e+00,3.522500000000000631e-01
4.260000000000000000e+02,1.000000000000000000e+00,3.530000000000000915e-01
4.270000000000000000e+02,1.000000000000000000e+00,3.544999999999999818e-01
4.280000000000000000e+02,1.000000000000000000e+00,3.544999999999999818e-01
4.290000000000000000e+02,1.000000000000000000e+00,3.544999999999999818e-01
4.300000000000000000e+02,1.000000000000000000e+00,3.544999999999999818e-01
4.310000000000000000e+02,1.000000000000000000e+00,3.544999999999999818e-01
4.320000000000000000e+02,1.000000000000000000e+00,3.544999999999999818e-01
4.330000000000000000e+02,1.000000000000000000e+00,3.544999999999999818e-01
4.340000000000000000e+02,1.000000000000000000e+00,3.544999999999999818e-01
4.350000000000000000e+02,1.000000000000000000e+00,3.544999999999999818e-01
4.360000000000000000e+02,1.000000000000000000e+00,3.544999999999999818e-01
4.370000000000000000e+02,1.000000000000000000e+00,3.544999999999999818e-01
4.380000000000000000e+02,1.000000000000000000e+00,3.544999999999999818e-01
4.390000000000000000e+02,1.000000000000000000e+00,3.552500000000000102e-01
4.400000000000000000e+02,1.000000000000000000e+00,3.585000000000000964e-01
4.410000000000000000e+02,1.000000000000000000e+00,3.617500000000001270e-01
4.420000000000000000e+02,1.000000000000000000e+00,3.627500000000001279e-01
4.430000000000000000e+02,1.000000000000000000e+00,3.627500000000001279e-01
4.440000000000000000e+02,1.000000000000000000e+00,3.627500000000001279e-01
4.450000000000000000e+02,1.000000000000000000e+00,3.650000000000000466e-01
4.460000000000000000e+02,1.000000000000000000e+00,3.707500000000001350e-01
4.470000000000000000e+02,1.000000000000000000e+00,3.707500000000001350e-01
4.480000000000000000e+02,1.000000000000000000e+00,3.707500000000001350e-01
4.490000000000000000e+02,1.000000000000000000e+00,3.707500000000001350e-01
4.500000000000000000e+02,1.000000000000000000e+00,3.707500000000001350e-01
4.510000000000000000e+02,1.000000000000000000e+00,3.682500000000000773e-01
4.520000000000000000e+02,1.000000000000000000e+00,3.667500000000000204e-01
4.530000000000000000e+02,1.000000000000000000e+00,3.690000000000001057e-01
4.540000000000000000e+02,1.000000000000000000e+00,3.675000000000000488e-01
4.550000000000000000e+02,1.000000000000000000e+00,3.707500000000001350e-01
4.560000000000000000e+02,1.000000000000000000e+00,3.707500000000001350e-01
4.570000000000000000e+02,1.000000000000000000e+00,3.707500000000001350e-01
4.580000000000000000e+02,1.000000000000000000e+00,3.707500000000001350e-01
4.590000000000000000e+02,1.000000000000000000e+00,3.707500000000001350e-01
4.600000000000000000e+02,1.000000000000000000e+00,3.707500000000001350e-01
4.610000000000000000e+02,1.000000000000000000e+00,3.707500000000001350e-01
4.620000000000000000e+02,1.000000000000000000e+00,3.682500000000000773e-01
4.630000000000000000e+02,1.000000000000000000e+00,3.650000000000000466e-01
4.640000000000000000e+02,1.000000000000000000e+00,3.650000000000000466e-01
4.650000000000000000e+02,1.000000000000000000e+00,3.650000000000000466e-01
4.660000000000000000e+02,1.000000000000000000e+00,3.627500000000001279e-01
4.670000000000000000e+02,1.000000000000000000e+00,3.627500000000001279e-01
4.680000000000000000e+02,1.000000000000000000e+00,3.627500000000001279e-01
4.690000000000000000e+02,1.000000000000000000e+00,3.627500000000001279e-01
4.700000000000000000e+02,1.000000000000000000e+00,3.627500000000001279e-01
4.710000000000000000e+02,1.000000000000000000e+00,3.610000000000000986e-01
4.720000000000000000e+02,1.000000000000000000e+00,3.585000000000000964e-01
4.730000000000000000e+02,1.000000000000000000e+00,3.544999999999999818e-01
4.740000000000000000e+02,1.000000000000000000e+00,3.562500000000000111e-01
4.750000000000000000e+02,1.000000000000000000e+00,3.544999999999999818e-01
4.760000000000000000e+02,1.000000000000000000e+00,3.544999999999999818e-01
4.770000000000000000e+02,1.000000000000000000e+00,3.544999999999999818e-01
4.780000000000000000e+02,1.000000000000000000e+00,3.544999999999999818e-01
4.790000000000000000e+02,1.000000000000000000e+00,3.544999999999999818e-01
4.800000000000000000e+02,1.000000000000000000e+00,3.544999999999999818e-01
4.810000000000000000e+02,1.000000000000000000e+00,3.544999999999999818e-01
4.820000000000000000e+02,1.000000000000000000e+00,3.544999999999999818e-01
4.830000000000000000e+02,1.000000000000000000e+00,3.544999999999999818e-01
4.840000000000000000e+02,1.000000000000000000e+00,3.544999999999999818e-01
4.850000000000000000e+02,1.000000000000000000e+00,3.530000000000000915e-01
4.860000000000000000e+02,1.000000000000000000e+00,3.537500000000001199e-01
4.870000000000000000e+02,1.000000000000000000e+00,3.544999999999999818e-01
4.880000000000000000e+02,1.000000000000000000e+00,3.544999999999999818e-01
4.890000000000000000e+02,1.000000000000000000e+00,3.552500000000000102e-01
4.900000000000000000e+02,1.000000000000000000e+00,3.577500000000000679e-01
4.910000000000000000e+02,1.000000000000000000e+00,3.562500000000000111e-01
4.920000000000000000e+02,1.000000000000000000e+00,3.585000000000000964e-01
4.930000000000000000e+02,1.000000000000000000e+00,3.570000000000000395e-01
4.940000000000000000e+02,1.000000000000000000e+00,3.610000000000000986e-01
4.950000000000000000e+02,1.000000000000000000e+00,3.602500000000000702e-01
4.960000000000000000e+02,1.000000000000000000e+00,3.585000000000000964e-01
4.970000000000000000e+02,1.000000000000000000e+00,3.627500000000001279e-01
4.980000000000000000e+02,1.000000000000000000e+00,3.595000000000000417e-01
4.990000000000000000e+02,1.000000000000000000e+00,3.617500000000001270e-01
5.000000000000000000e+02,1.000000000000000000e+00,3.617500000000001270e-01
5.010000000000000000e+02,1.000000000000000000e+00,3.617500000000001270e-01
5.020000000000000000e+02,1.000000000000000000e+00,3.610000000000000986e-01
5.030000000000000000e+02,1.000000000000000000e+00,3.627500000000001279e-01
5.040000000000000000e+02,1.000000000000000000e+00,3.627500000000001279e-01
5.050000000000000000e+02,1.000000000000000000e+00,3.627500000000001279e-01
5.060000000000000000e+02,1.000000000000000000e+00,3.627500000000001279e-01
5.070000000000000000e+02,1.000000000000000000e+00,3.627500000000001279e-01
5.080000000000000000e+02,1.000000000000000000e+00,3.627500000000001279e-01
5.090000000000000000e+02,1.000000000000000000e+00,3.627500000000001279e-01
5.100000000000000000e+02,1.000000000000000000e+00,3.627500000000001279e-01
5.110000000000000000e+02,1.000000000000000000e+00,3.627500000000001279e-01
5.120000000000000000e+02,1.000000000000000000e+00,3.627500000000001279e-01
5.130000000000000000e+02,1.000000000000000000e+00,3.627500000000001279e-01
5.140000000000000000e+02,1.000000000000000000e+00,3.627500000000001279e-01
5.150000000000000000e+02,1.000000000000000000e+00,3.627500000000001279e-01
5.160000000000000000e+02,1.000000000000000000e+00,3.627500000000001279e-01
5.170000000000000000e+02,1.000000000000000000e+00,3.627500000000001279e-01
5.180000000000000000e+02,1.000000000000000000e+00,3.610000000000000986e-01
5.190000000000000000e+02,1.000000000000000000e+00,3.610000000000000986e-01
5.200000000000000000e+02,1.000000000000000000e+00,3.617500000000001270e-01
5.210000000000000000e+02,1.000000000000000000e+00,3.610000000000000986e-01
5.220000000000000000e+02,1.000000000000000000e+00,3.610000000000000986e-01
5.230000000000000000e+02,1.000000000000000000e+00,3.617500000000001270e-01
5.240000000000000000e+02,1.000000000000000000e+00,3.627500000000001279e-01
5.250000000000000000e+02,1.000000000000000000e+00,3.617500000000001270e-01
5.260000000000000000e+02,1.000000000000000000e+00,3.610000000000000986e-01
5.270000000000000000e+02,1.000000000000000000e+00,3.617500000000001270e-01
5.280000000000000000e+02,1.000000000000000000e+00,3.627500000000001279e-01
5.290000000000000000e+02,1.000000000000000000e+00,3.617500000000001270e-01
5.300000000000000000e+02,1.000000000000000000e+00,3.627500000000001279e-01
5.310000000000000000e+02,1.000000000000000000e+00,3.627500000000001279e-01
5.320000000000000000e+02,1.000000000000000000e+00,3.627500000000001279e-01
5.330000000000000000e+02,1.000000000000000000e+00,3.627500000000001279e-01
5.340000000000000000e+02,1.000000000000000000e+00,3.667500000000000204e-01
5.350000000000000000e+02,1.000000000000000000e+00,3.675000000000000488e-01
5.360000000000000000e+02,1.000000000000000000e+00,3.682500000000000773e-01
5.370000000000000000e+02,1.000000000000000000e+00,3.707500000000001350e-01
5.380000000000000000e+02,1.000000000000000000e+00,3.707500000000001350e-01
5.390000000000000000e+02,1.000000000000000000e+00,3.707500000000001350e-01
5.400000000000000000e+02,1.000000000000000000e+00,3.707500000000001350e-01
5.410000000000000000e+02,1.000000000000000000e+00,3.707500000000001350e-01
5.420000000000000000e+02,1.000000000000000000e+00,3.707500000000001350e-01
5.430000000000000000e+02,1.000000000000000000e+00,3.739999999999999991e-01
5.440000000000000000e+02,1.000000000000000000e+00,3.787500000000001421e-01
5.450000000000000000e+02,1.000000000000000000e+00,3.787500000000001421e-01
5.460000000000000000e+02,1.000000000000000000e+00,3.787500000000001421e-01
5.470000000000000000e+02,1.000000000000000000e+00,3.787500000000001421e-01
5.480000000000000000e+02,1.000000000000000000e+00,3.787500000000001421e-01
5.490000000000000000e+02,1.000000000000000000e+00,3.787500000000001421e-01
5.500000000000000000e+02,1.000000000000000000e+00,3.787500000000001421e-01
5.510000000000000000e+02,1.000000000000000000e+00,3.787500000000001421e-01
5.520000000000000000e+02,1.000000000000000000e+00,3.787500000000001421e-01
5.530000000000000000e+02,1.000000000000000000e+00,3.787500000000001421e-01
5.540000000000000000e+02,1.000000000000000000e+00,3.795000000000000040e-01
5.550000000000000000e+02,1.000000000000000000e+00,3.787500000000001421e-01
5.560000000000000000e+02,1.000000000000000000e+00,3.795000000000000040e-01
5.570000000000000000e+02,1.000000000000000000e+00,3.787500000000001421e-01
5.580000000000000000e+02,1.000000000000000000e+00,3.802500000000000324e-01
5.590000000000000000e+02,1.000000000000000000e+00,3.852500000000000924e-01
5.600000000000000000e+02,1.000000000000000000e+00,3.860000000000001208e-01
5.610000000000000000e+02,1.000000000000000000e+00,3.845000000000000639e-01
5.620000000000000000e+02,1.000000000000000000e+00,3.845000000000000639e-01
5.630000000000000000e+02,1.000000000000000000e+00,3.835000000000000631e-01
5.640000000000000000e+02,1.000000000000000000e+00,3.802500000000000324e-01
5.650000000000000000e+02,1.000000000000000000e+00,3.795000000000000040e-01
5.660000000000000000e+02,1.000000000000000000e+00,3.795000000000000040e-01
5.670000000000000000e+02,1.000000000000000000e+00,3.787500000000001421e-01
5.680000000000000000e+02,1.000000000000000000e+00,3.787500000000001421e-01
5.690000000000000000e+02,1.000000000000000000e+00,3.780000000000001137e-01
5.700000000000000000e+02,1.000000000000000000e+00,3.762500000000000844e-01
5.710000000000000000e+02,1.000000000000000000e+00,3.787500000000001421e-01
5.720000000000000000e+02,1.000000000000000000e+00,3.787500000000001421e-01
5.730000000000000000e+02,1.000000000000000000e+00,3.787500000000001421e-01
5.740000000000000000e+02,1.000000000000000000e+00,3.787500000000001421e-01
5.750000000000000000e+02,1.000000000000000000e+00,3.795000000000000040e-01
5.760000000000000000e+02,1.000000000000000000e+00,3.787500000000001421e-01
5.770000000000000000e+02,1.000000000000000000e+00,3.802500000000000324e-01
5.780000000000000000e+02,1.000000000000000000e+00,3.787500000000001421e-01
5.790000000000000000e+02,1.000000000000000000e+00,3.787500000000001421e-01
5.800000000000000000e+02,1.000000000000000000e+00,3.787500000000001421e-01
5.810000000000000000e+02,1.000000000000000000e+00,3.787500000000001421e-01
5.820000000000000000e+02,1.000000000000000000e+00,3.787500000000001421e-01
5.830000000000000000e+02,1.000000000000000000e+00,3.787500000000001421e-01
5.840000000000000000e+02,1.000000000000000000e+00,3.802500000000000324e-01
5.850000000000000000e+02,1.000000000000000000e+00,3.795000000000000040e-01
5.860000000000000000e+02,1.000000000000000000e+00,3.820000000000000062e-01
5.870000000000000000e+02,1.000000000000000000e+00,3.835000000000000631e-01
5.880000000000000000e+02,1.000000000000000000e+00,3.827500000000000346e-01
5.890000000000000000e+02,1.000000000000000000e+00,3.802500000000000324e-01
5.900000000000000000e+02,1.000000000000000000e+00,3.812499999999999778e-01
5.910000000000000000e+02,1.000000000000000000e+00,3.820000000000000062e-01
5.920000000000000000e+02,1.000000000000000000e+00,3.827500000000000346e-01
5.930000000000000000e+02,1.000000000000000000e+00,3.845000000000000639e-01
5.940000000000000000e+02,1.000000000000000000e+00,3.845000000000000639e-01
5.950000000000000000e+02,1.000000000000000000e+00,3.860000000000001208e-01
5.960000000000000000e+02,1.000000000000000000e+00,3.867500000000001492e-01
5.970000000000000000e+02,1.000000000000000000e+00,3.867500000000001492e-01
5.980000000000000000e+02,1.000000000000000000e+00,3.867500000000001492e-01
5.990000000000000000e+02,1.000000000000000000e+00,3.867500000000001492e-01
6.000000000000000000e+02,1.000000000000000000e+00,3.867500000000001492e-01
6.010000000000000000e+02,1.000000000000000000e+00,3.867500000000001492e-01
6.020000000000000000e+02,1.000000000000000000e+00,3.867500000000001492e-01
6.030000000000000000e+02,1.000000000000000000e+00,3.852500000000000924e-01
6.040000000000000000e+02,1.000000000000000000e+00,3.802500000000000324e-01
6.050000000000000000e+02,1.000000000000000000e+00,3.827500000000000346e-01
6.060000000000000000e+02,1.000000000000000000e+00,3.827500000000000346e-01
6.070000000000000000e+02,1.000000000000000000e+00,3.795000000000000040e-01
6.080000000000000000e+02,1.000000000000000000e+00,3.787500000000001421e-01
