tm,MVm,PVm
0.000000000000000000e+00,0.000000000000000000e+00,0.000000000000000000e+00
1.000000000000000000e+00,1.000000000000000000e+00,0.000000000000000000e+00
2.000000000000000000e+00,1.000000000000000000e+00,0.000000000000000000e+00
3.000000000000000000e+00,1.000000000000000000e+00,0.000000000000000000e+00
4.000000000000000000e+00,1.000000000000000000e+00,0.000000000000000000e+00
5.000000000000000000e+00,1.000000000000000000e+00,0.000000000000000000e+00
6.000000000000000000e+00,1.000000000000000000e+00,9.999999999999787705e-04
7.000000000000000000e+00,1.000000000000000000e+00,0.000000000000000000e+00
8.000000000000000000e+00,1.000000000000000000e+00,0.000000000000000000e+00
9.000000000000000000e+00,1.000000000000000000e+00,0.000000000000000000e+00
1.000000000000000000e+01,1.000000000000000000e+00,9.999999999999787705e-04
1.100000000000000000e+01,1.000000000000000000e+00,0.000000000000000000e+00
1.200000000000000000e+01,1.000000000000000000e+00,0.000000000000000000e+00
1.300000000000000000e+01,1.000000000000000000e+00,0.000000000000000000e+00
1.400000000000000000e+01,1.000000000000000000e+00,0.000000000000000000e+00
1.500000000000000000e+01,1.000000000000000000e+00,2.499999999999857805e-03
1.600000000000000000e+01,1.000000000000000000e+00,4.999999999999893419e-03
1.700000000000000000e+01,1.000000000000000000e+00,5.749999999999921840e-03
1.800000000000000000e+01,1.000000000000000000e+00,7.249999999999978684e-03
1.900000000000000000e+01,1.000000000000000000e+00,8.249999999999957020e-03
2.000000000000000000e+01,1.000000000000000000e+00,8.249999999999957020e-03
2.100000000000000000e+01,1.000000000000000000e+00,8.249999999999957020e-03
2.200000000000000000e+01,1.000000000000000000e+00,9.750000000000013864e-03
2.300000000000000000e+01,1.000000000000000000e+00,9.750000000000013864e-03
2.400000000000000000e+01,1.000000000000000000e+00,1.549999999999993570e-02
2.500000000000000000e+01,1.000000000000000000e+00,1.624999999999996586e-02
2.600000000000000000e+01,1.000000000000000000e+00,1.624999999999996586e-02
2.700000000000000000e+01,1.000000000000000000e+00,1.624999999999996586e-02
2.800000000000000000e+01,1.000000000000000000e+00,1.624999999999996586e-02
2.900000000000000000e+01,1.000000000000000000e+00,1.874999999999999931e-02
3.000000000000000000e+01,1.000000000000000000e+00,2.424999999999997297e-02
3.100000000000000000e+01,1.000000000000000000e+00,2.424999999999997297e-02
3.200000000000000000e+01,1.000000000000000000e+00,2.424999999999997297e-02
3.300000000000000000e+01,1.000000000000000000e+00,2.500000000000000139e-02
3.400000000000000000e+01,1.000000000000000000e+00,2.599999999999997799e-02
3.500000000000000000e+01,1.000000000000000000e+00,3.149999999999995165e-02
3.600000000000000000e+01,1.000000000000000000e+00,3.224999999999998007e-02
3.700000000000000000e+01,1.000000000000000000e+00,3.224999999999998007e-02
3.800000000000000000e+01,1.000000000000000000e+00,3.224999999999998007e-02
3.900000000000000000e+01,1.000000000000000000e+00,3.224999999999998007e-02
4.000000000000000000e+01,1.000000000000000000e+00,3.949999999999995876e-02
4.100000000000000000e+01,1.000000000000000000e+00,3.949999999999995876e-02
4.200000000000000000e+01,1.000000000000000000e+00,4.049999999999993883e-02
4.300000000000000000e+01,1.000000000000000000e+00,4.049999999999993883e-02
4.400000000000000000e+01,1.000000000000000000e+00,4.199999999999999567e-02
4.500000000000000000e+01,1.000000000000000000e+00,4.849999999999994593e-02
4.600000000000000000e+01,1.000000000000000000e+00,4.849999999999994593e-02
4.700000000000000000e+01,1.000000000000000000e+00,4.849999999999994593e-02
4.800000000000000000e+01,1.000000000000000000e+00,4.849999999999994593e-02
4.900000000000000000e+01,1.000000000000000000e+00,4.849999999999994593e-02
5.000000000000000000e+01,1.000000000000000000e+00,5.175000000000000433e-02
5.100000000000000000e+01,1.000000000000000000e+00,4.849999999999994593e-02
5.200000000000000000e+01,1.000000000000000000e+00,4.374999999999999722e-02
5.300000000000000000e+01,1.000000000000000000e+00,4.849999999999994593e-02
5.400000000000000000e+01,1.000000000000000000e+00,5.099999999999997591e-02
5.500000000000000000e+01,1.000000000000000000e+00,5.499999999999989619e-02
5.600000000000000000e+01,1.000000000000000000e+00,5.649999999999995304e-02
5.700000000000000000e+01,1.000000000000000000e+00,5.649999999999995304e-02
5.800000000000000000e+01,1.000000000000000000e+00,5.649999999999995304e-02
5.900000000000000000e+01,1.000000000000000000e+00,5.649999999999995304e-02
6.000000000000000000e+01,1.000000000000000000e+00,5.724999999999998146e-02
6.100000000000000000e+01,1.000000000000000000e+00,5.724999999999998146e-02
6.200000000000000000e+01,1.000000000000000000e+00,5.975000000000001144e-02
6.300000000000000000e+01,1.000000000000000000e+00,6.374999999999993172e-02
6.400000000000000000e+01,1.000000000000000000e+00,6.374999999999993172e-02
6.500000000000000000e+01,1.000000000000000000e+00,6.449999999999996014e-02
6.600000000000000000e+01,1.000000000000000000e+00,6.449999999999996014e-02
6.700000000000000000e+01,1.000000000000000000e+00,6.449999999999996014e-02
6.800000000000000000e+01,1.000000000000000000e+00,6.949999999999985356e-02
6.900000000000000000e+01,1.000000000000000000e+00,6.775000000000001854e-02
7.000000000000000000e+01,1.000000000000000000e+00,7.274999999999991196e-02
7.100000000000000000e+01,1.000000000000000000e+00,7.274999999999991196e-02
7.200000000000000000e+01,1.000000000000000000e+00,7.274999999999991196e-02
7.300000000000000000e+01,1.000000000000000000e+00,7.675000000000001266e-02
7.400000000000000000e+01,1.000000000000000000e+00,7.824999999999988909e-02
7.500000000000000000e+01,1.000000000000000000e+00,8.074999999999991906e-02
7.600000000000000000e+01,1.000000000000000000e+00,8.074999999999991906e-02
7.700000000000000000e+01,1.000000000000000000e+00,8.074999999999991906e-02
7.800000000000000000e+01,1.000000000000000000e+00,8.074999999999991906e-02
7.900000000000000000e+01,1.000000000000000000e+00,8.074999999999991906e-02
8.000000000000000000e+01,1.000000000000000000e+00,8.224999999999997591e-02
8.100000000000000000e+01,1.000000000000000000e+00,8.799999999999989775e-02
8.200000000000000000e+01,1.000000000000000000e+00,8.874999999999992617e-02
8.300000000000000000e+01,1.000000000000000000e+00,8.874999999999992617e-02
8.400000000000000000e+01,1.000000000000000000e+00,8.874999999999992617e-02
8.500000000000000000e+01,1.000000000000000000e+00,8.874999999999992617e-02
8.600000000000000000e+01,1.000000000000000000e+00,8.949999999999995459e-02
8.700000000000000000e+01,1.000000000000000000e+00,9.199999999999999845e-02
8.800000000000000000e+01,1.000000000000000000e+00,9.449999999999984801e-02
8.900000000000000000e+01,1.000000000000000000e+00,9.599999999999990485e-02
9.000000000000000000e+01,1.000000000000000000e+00,9.674999999999993328e-02
9.100000000000000000e+01,1.000000000000000000e+00,9.674999999999993328e-02
9.200000000000000000e+01,1.000000000000000000e+00,9.674999999999993328e-02
9.300000000000000000e+01,1.000000000000000000e+00,9.674999999999993328e-02
9.400000000000000000e+01,1.000000000000000000e+00,9.749999999999996170e-02
9.500000000000000000e+01,1.000000000000000000e+00,1.024999999999998551e-01
9.600000000000000000e+01,1.000000000000000000e+00,1.039999999999999120e-01
9.700000000000000000e+01,1.000000000000000000e+00,1.047499999999999404e-01
9.800000000000000000e+01,1.000000000000000000e+00,1.047499999999999404e-01
9.900000000000000000e+01,1.000000000000000000e+00,1.047499999999999404e-01
1.000000000000000000e+02,1.000000000000000000e+00,1.064999999999999558e-01
1.010000000000000000e+02,1.000000000000000000e+00,1.089999999999999858e-01
1.020000000000000000e+02,1.000000000000000000e+00,1.089999999999999858e-01
1.030000000000000000e+02,1.000000000000000000e+00,1.104999999999998622e-01
1.040000000000000000e+02,1.000000000000000000e+00,1.129999999999999061e-01
1.050000000000000000e+02,1.000000000000000000e+00,1.129999999999999061e-01
1.060000000000000000e+02,1.000000000000000000e+00,1.129999999999999061e-01
1.070000000000000000e+02,1.000000000000000000e+00,1.129999999999999061e-01
1.080000000000000000e+02,1.000000000000000000e+00,1.129999999999999061e-01
1.090000000000000000e+02,1.000000000000000000e+00,1.152499999999999913e-01
1.100000000000000000e+02,1.000000000000000000e+00,1.144999999999999629e-01
1.110000000000000000e+02,1.000000000000000000e+00,1.202499999999998848e-01
1.120000000000000000e+02,1.000000000000000000e+00,1.209999999999999132e-01
1.130000000000000000e+02,1.000000000000000000e+00,1.209999999999999132e-01
1.140000000000000000e+02,1.000000000000000000e+00,1.209999999999999132e-01
1.150000000000000000e+02,1.000000000000000000e+00,1.209999999999999132e-01
1.160000000000000000e+02,1.000000000000000000e+00,1.209999999999999132e-01
1.170000000000000000e+02,1.000000000000000000e+00,1.250000000000000000e-01
1.180000000000000000e+02,1.000000000000000000e+00,1.282499999999998919e-01
1.190000000000000000e+02,1.000000000000000000e+00,1.289999999999999203e-01
1.200000000000000000e+02,1.000000000000000000e+00,1.289999999999999203e-01
1.210000000000000000e+02,1.000000000000000000e+00,1.289999999999999203e-01
1.220000000000000000e+02,1.000000000000000000e+00,1.289999999999999203e-01
1.230000000000000000e+02,1.000000000000000000e+00,1.314999999999999503e-01
1.240000000000000000e+02,1.000000000000000000e+00,1.314999999999999503e-01
1.250000000000000000e+02,1.000000000000000000e+00,1.337499999999998690e-01
1.260000000000000000e+02,1.000000000000000000e+00,1.362499999999998990e-01
1.270000000000000000e+02,1.000000000000000000e+00,1.369999999999999274e-01
1.280000000000000000e+02,1.000000000000000000e+00,1.369999999999999274e-01
1.290000000000000000e+02,1.000000000000000000e+00,1.369999999999999274e-01
1.300000000000000000e+02,1.000000000000000000e+00,1.369999999999999274e-01
1.310000000000000000e+02,1.000000000000000000e+00,1.379999999999999005e-01
1.320000000000000000e+02,1.000000000000000000e+00,1.369999999999999274e-01
1.330000000000000000e+02,1.000000000000000000e+00,1.419999999999999873e-01
1.340000000000000000e+02,1.000000000000000000e+00,1.442499999999999061e-01
1.350000000000000000e+02,1.000000000000000000e+00,1.452499999999998792e-01
1.360000000000000000e+02,1.000000000000000000e+00,1.452499999999998792e-01
1.370000000000000000e+02,1.000000000000000000e+00,1.452499999999998792e-01
1.380000000000000000e+02,1.000000000000000000e+00,1.452499999999998792e-01
1.390000000000000000e+02,1.000000000000000000e+00,1.467499999999999361e-01
1.400000000000000000e+02,1.000000000000000000e+00,1.452499999999998792e-01
1.410000000000000000e+02,1.000000000000000000e+00,1.474999999999999645e-01
1.420000000000000000e+02,1.000000000000000000e+00,1.467499999999999361e-01
1.430000000000000000e+02,1.000000000000000000e+00,1.474999999999999645e-01
1.440000000000000000e+02,1.000000000000000000e+00,1.514999999999998848e-01
1.450000000000000000e+02,1.000000000000000000e+00,1.532499999999998863e-01
1.460000000000000000e+02,1.000000000000000000e+00,1.532499999999998863e-01
1.470000000000000000e+02,1.000000000000000000e+00,1.532499999999998863e-01
1.480000000000000000e+02,1.000000000000000000e+00,1.532499999999998863e-01
1.490000000000000000e+02,1.000000000000000000e+00,1.532499999999998863e-01
1.500000000000000000e+02,1.000000000000000000e+00,1.539999999999999147e-01
1.510000000000000000e+02,1.000000000000000000e+00,1.587499999999998634e-01
1.520000000000000000e+02,1.000000000000000000e+00,1.587499999999998634e-01
1.530000000000000000e+02,1.000000000000000000e+00,1.612499999999998934e-01
1.540000000000000000e+02,1.000000000000000000e+00,1.612499999999998934e-01
1.550000000000000000e+02,1.000000000000000000e+00,1.612499999999998934e-01
1.560000000000000000e+02,1.000000000000000000e+00,1.612499999999998934e-01
1.570000000000000000e+02,1.000000000000000000e+00,1.619999999999999218e-01
1.580000000000000000e+02,1.000000000000000000e+00,1.619999999999999218e-01
1.590000000000000000e+02,1.000000000000000000e+00,1.627499999999999503e-01
1.600000000000000000e+02,1.000000000000000000e+00,1.627499999999999503e-01
1.610000000000000000e+02,1.000000000000000000e+00,1.652499999999999802e-01
1.620000000000000000e+02,1.000000000000000000e+00,1.677500000000000102e-01
1.630000000000000000e+02,1.000000000000000000e+00,1.684999999999998721e-01
1.640000000000000000e+02,1.000000000000000000e+00,1.684999999999998721e-01
1.650000000000000000e+02,1.000000000000000000e+00,1.692499999999999005e-01
1.660000000000000000e+02,1.000000000000000000e+00,1.692499999999999005e-01
1.670000000000000000e+02,1.000000000000000000e+00,1.692499999999999005e-01
1.680000000000000000e+02,1.000000000000000000e+00,1.692499999999999005e-01
1.690000000000000000e+02,1.000000000000000000e+00,1.692499999999999005e-01
1.700000000000000000e+02,1.000000000000000000e+00,1.692499999999999005e-01
1.710000000000000000e+02,1.000000000000000000e+00,1.692499999999999005e-01
1.720000000000000000e+02,1.000000000000000000e+00,1.699999999999999289e-01
1.730000000000000000e+02,1.000000000000000000e+00,1.724999999999999589e-01
1.740000000000000000e+02,1.000000000000000000e+00,1.757499999999998508e-01
1.750000000000000000e+02,1.000000000000000000e+00,1.772499999999999076e-01
1.760000000000000000e+02,1.000000000000000000e+00,1.764999999999998792e-01
1.770000000000000000e+02,1.000000000000000000e+00,1.772499999999999076e-01
1.780000000000000000e+02,1.000000000000000000e+00,1.772499999999999076e-01
1.790000000000000000e+02,1.000000000000000000e+00,1.772499999999999076e-01
1.800000000000000000e+02,1.000000000000000000e+00,1.772499999999999076e-01
1.810000000000000000e+02,1.000000000000000000e+00,1.772499999999999076e-01
1.820000000000000000e+02,1.000000000000000000e+00,1.782499999999998808e-01
1.830000000000000000e+02,1.000000000000000000e+00,1.814999999999999392e-01
1.840000000000000000e+02,1.000000000000000000e+00,1.782499999999998808e-01
1.850000000000000000e+02,1.000000000000000000e+00,1.804999999999999660e-01
1.860000000000000000e+02,1.000000000000000000e+00,1.837499999999998579e-01
1.870000000000000000e+02,1.000000000000000000e+00,1.854999999999998594e-01
1.880000000000000000e+02,1.000000000000000000e+00,1.854999999999998594e-01
1.890000000000000000e+02,1.000000000000000000e+00,1.854999999999998594e-01
1.900000000000000000e+02,1.000000000000000000e+00,1.862499999999998879e-01
1.910000000000000000e+02,1.000000000000000000e+00,1.894999999999999463e-01
1.920000000000000000e+02,1.000000000000000000e+00,1.927500000000000324e-01
1.930000000000000000e+02,1.000000000000000000e+00,1.934999999999998666e-01
1.940000000000000000e+02,1.000000000000000000e+00,1.942499999999998950e-01
1.950000000000000000e+02,1.000000000000000000e+00,1.974999999999999534e-01
1.960000000000000000e+02,1.000000000000000000e+00,1.990000000000000102e-01
1.970000000000000000e+02,1.000000000000000000e+00,1.967499999999999249e-01
1.980000000000000000e+02,1.000000000000000000e+00,1.959999999999998965e-01
1.990000000000000000e+02,1.000000000000000000e+00,1.949999999999999234e-01
2.000000000000000000e+02,1.000000000000000000e+00,2.007499999999998452e-01
2.010000000000000000e+02,1.000000000000000000e+00,2.007499999999998452e-01
2.020000000000000000e+02,1.000000000000000000e+00,2.007499999999998452e-01
2.030000000000000000e+02,1.000000000000000000e+00,2.007499999999998452e-01
2.040000000000000000e+02,1.000000000000000000e+00,1.949999999999999234e-01
2.050000000000000000e+02,1.000000000000000000e+00,1.949999999999999234e-01
2.060000000000000000e+02,1.000000000000000000e+00,1.942499999999998950e-01
2.070000000000000000e+02,1.000000000000000000e+00,1.934999999999998666e-01
2.080000000000000000e+02,1.000000000000000000e+00,1.934999999999998666e-01
2.090000000000000000e+02,1.000000000000000000e+00,1.942499999999998950e-01
2.100000000000000000e+02,1.000000000000000000e+00,1.967499999999999249e-01
2.110000000000000000e+02,1.000000000000000000e+00,1.974999999999999534e-01
2.120000000000000000e+02,1.000000000000000000e+00,1.934999999999998666e-01
2.130000000000000000e+02,1.000000000000000000e+00,1.949999999999999234e-01
2.140000000000000000e+02,1.000000000000000000e+00,1.934999999999998666e-01
2.150000000000000000e+02,1.000000000000000000e+00,1.942499999999998950e-01
2.160000000000000000e+02,1.000000000000000000e+00,1.934999999999998666e-01
2.170000000000000000e+02,1.000000000000000000e+00,1.949999999999999234e-01
2.180000000000000000e+02,1.000000000000000000e+00,1.934999999999998666e-01
2.190000000000000000e+02,1.000000000000000000e+00,1.959999999999998965e-01
2.200000000000000000e+02,1.000000000000000000e+00,1.982499999999999818e-01
2.210000000000000000e+02,1.000000000000000000e+00,2.014999999999998737e-01
2.220000000000000000e+02,1.000000000000000000e+00,2.014999999999998737e-01
2.230000000000000000e+02,1.000000000000000000e+00,2.014999999999998737e-01
2.240000000000000000e+02,1.000000000000000000e+00,2.014999999999998737e-01
2.250000000000000000e+02,1.000000000000000000e+00,2.039999999999999036e-01
2.260000000000000000e+02,1.000000000000000000e+00,2.047499999999999321e-01
2.270000000000000000e+02,1.000000000000000000e+00,2.072499999999999898e-01
2.280000000000000000e+02,1.000000000000000000e+00,2.022499999999999021e-01
2.290000000000000000e+02,1.000000000000000000e+00,2.062499999999999889e-01
2.300000000000000000e+02,1.000000000000000000e+00,2.087499999999998523e-01
2.310000000000000000e+02,1.000000000000000000e+00,2.072499999999999898e-01
2.320000000000000000e+02,1.000000000000000000e+00,2.087499999999998523e-01
2.330000000000000000e+02,1.000000000000000000e+00,2.094999999999998808e-01
2.340000000000000000e+02,1.000000000000000000e+00,2.094999999999998808e-01
2.350000000000000000e+02,1.000000000000000000e+00,2.094999999999998808e-01
2.360000000000000000e+02,1.000000000000000000e+00,2.094999999999998808e-01
2.370000000000000000e+02,1.000000000000000000e+00,2.094999999999998808e-01
2.380000000000000000e+02,1.000000000000000000e+00,2.112499999999998823e-01
2.390000000000000000e+02,1.000000000000000000e+00,2.104999999999998539e-01
2.400000000000000000e+02,1.000000000000000000e+00,2.160000000000000253e-01
2.410000000000000000e+02,1.000000000000000000e+00,2.094999999999998808e-01
2.420000000000000000e+02,1.000000000000000000e+00,2.144999999999999685e-01
2.430000000000000000e+02,1.000000000000000000e+00,2.119999999999999107e-01
2.440000000000000000e+02,1.000000000000000000e+00,2.134999999999999676e-01
2.450000000000000000e+02,1.000000000000000000e+00,2.167499999999998594e-01
2.460000000000000000e+02,1.000000000000000000e+00,2.134999999999999676e-01
2.470000000000000000e+02,1.000000000000000000e+00,2.167499999999998594e-01
2.480000000000000000e+02,1.000000000000000000e+00,2.167499999999998594e-01
2.490000000000000000e+02,1.000000000000000000e+00,2.177500000000000269e-01
2.500000000000000000e+02,1.000000000000000000e+00,2.177500000000000269e-01
2.510000000000000000e+02,1.000000000000000000e+00,2.177500000000000269e-01
2.520000000000000000e+02,1.000000000000000000e+00,2.177500000000000269e-01
2.530000000000000000e+02,1.000000000000000000e+00,2.177500000000000269e-01
2.540000000000000000e+02,1.000000000000000000e+00,2.184999999999998610e-01
2.550000000000000000e+02,1.000000000000000000e+00,2.184999999999998610e-01
2.560000000000000000e+02,1.000000000000000000e+00,2.199999999999999178e-01
2.570000000000000000e+02,1.000000000000000000e+00,2.207499999999999463e-01
2.580000000000000000e+02,1.000000000000000000e+00,2.217499999999999472e-01
2.590000000000000000e+02,1.000000000000000000e+00,2.240000000000000324e-01
2.600000000000000000e+02,1.000000000000000000e+00,2.207499999999999463e-01
2.610000000000000000e+02,1.000000000000000000e+00,2.224999999999999756e-01
2.620000000000000000e+02,1.000000000000000000e+00,2.207499999999999463e-01
2.630000000000000000e+02,1.000000000000000000e+00,2.207499999999999463e-01
2.640000000000000000e+02,1.000000000000000000e+00,2.199999999999999178e-01
2.650000000000000000e+02,1.000000000000000000e+00,2.240000000000000324e-01
2.660000000000000000e+02,1.000000000000000000e+00,2.232500000000000040e-01
2.670000000000000000e+02,1.000000000000000000e+00,2.240000000000000324e-01
2.680000000000000000e+02,1.000000000000000000e+00,2.250000000000000056e-01
2.690000000000000000e+02,1.000000000000000000e+00,2.257499999999998397e-01
2.700000000000000000e+02,1.000000000000000000e+00,2.257499999999998397e-01
2.710000000000000000e+02,1.000000000000000000e+00,2.257499999999998397e-01
2.720000000000000000e+02,1.000000000000000000e+00,2.257499999999998397e-01
2.730000000000000000e+02,1.000000000000000000e+00,2.257499999999998397e-01
2.740000000000000000e+02,1.000000000000000000e+00,2.257499999999998397e-01
2.750000000000000000e+02,1.000000000000000000e+00,2.257499999999998397e-01
2.760000000000000000e+02,1.000000000000000000e+00,2.257499999999998397e-01
2.770000000000000000e+02,1.000000000000000000e+00,2.257499999999998397e-01
2.780000000000000000e+02,1.000000000000000000e+00,2.257499999999998397e-01
2.790000000000000000e+02,1.000000000000000000e+00,2.257499999999998397e-01
2.800000000000000000e+02,1.000000000000000000e+00,2.264999999999998681e-01
2.810000000000000000e+02,1.000000000000000000e+00,2.297499999999999543e-01
2.820000000000000000e+02,1.000000000000000000e+00,2.322499999999999842e-01
2.830000000000000000e+02,1.000000000000000000e+00,2.312500000000000111e-01
2.840000000000000000e+02,1.000000000000000000e+00,2.337499999999998468e-01
2.850000000000000000e+02,1.000000000000000000e+00,2.337499999999998468e-01
2.860000000000000000e+02,1.000000000000000000e+00,2.337499999999998468e-01
2.870000000000000000e+02,1.000000000000000000e+00,2.337499999999998468e-01
2.880000000000000000e+02,1.000000000000000000e+00,2.337499999999998468e-01
2.890000000000000000e+02,1.000000000000000000e+00,2.337499999999998468e-01
2.900000000000000000e+02,1.000000000000000000e+00,2.337499999999998468e-01
2.910000000000000000e+02,1.000000000000000000e+00,2.337499999999998468e-01
2.920000000000000000e+02,1.000000000000000000e+00,2.337499999999998468e-01
2.930000000000000000e+02,1.000000000000000000e+00,2.337499999999998468e-01
2.940000000000000000e+02,1.000000000000000000e+00,2.337499999999998468e-01
2.950000000000000000e+02,1.000000000000000000e+00,2.337499999999998468e-01
2.960000000000000000e+02,1.000000000000000000e+00,2.337499999999998468e-01
2.970000000000000000e+02,1.000000000000000000e+00,2.337499999999998468e-01
2.980000000000000000e+02,1.000000000000000000e+00,2.337499999999998468e-01
2.990000000000000000e+02,1.000000000000000000e+00,2.352499999999999036e-01
3.000000000000000000e+02,1.000000000000000000e+00,2.369999999999999329e-01
3.010000000000000000e+02,1.000000000000000000e+00,2.384999999999999898e-01
3.020000000000000000e+02,1.000000000000000000e+00,2.410000000000000198e-01
3.030000000000000000e+02,1.000000000000000000e+00,2.410000000000000198e-01
3.040000000000000000e+02,1.000000000000000000e+00,2.417499999999998539e-01
3.050000000000000000e+02,1.000000000000000000e+00,2.417499999999998539e-01
3.060000000000000000e+02,1.000000000000000000e+00,2.417499999999998539e-01
3.070000000000000000e+02,1.000000000000000000e+00,2.417499999999998539e-01
3.080000000000000000e+02,1.000000000000000000e+00,2.410000000000000198e-01
3.090000000000000000e+02,1.000000000000000000e+00,2.377499999999999614e-01
3.100000000000000000e+02,1.000000000000000000e+00,2.402499999999999913e-01
3.110000000000000000e+02,1.000000000000000000e+00,2.410000000000000198e-01
3.120000000000000000e+02,1.000000000000000000e+00,2.402499999999999913e-01
3.130000000000000000e+02,1.000000000000000000e+00,2.417499999999998539e-01
3.140000000000000000e+02,1.000000000000000000e+00,2.417499999999998539e-01
3.150000000000000000e+02,1.000000000000000000e+00,2.417499999999998539e-01
3.160000000000000000e+02,1.000000000000000000e+00,2.417499999999998539e-01
3.170000000000000000e+02,1.000000000000000000e+00,2.417499999999998539e-01
3.180000000000000000e+02,1.000000000000000000e+00,2.417499999999998539e-01
3.190000000000000000e+02,1.000000000000000000e+00,2.417499999999998539e-01
3.200000000000000000e+02,1.000000000000000000e+00,2.417499999999998539e-01
3.210000000000000000e+02,1.000000000000000000e+00,2.417499999999998539e-01
3.220000000000000000e+02,1.000000000000000000e+00,2.417499999999998539e-01
3.230000000000000000e+02,1.000000000000000000e+00,2.417499999999998539e-01
3.240000000000000000e+02,1.000000000000000000e+00,2.417499999999998539e-01
3.250000000000000000e+02,1.000000000000000000e+00,2.410000000000000198e-01
3.260000000000000000e+02,1.000000000000000000e+00,2.417499999999998539e-01
3.270000000000000000e+02,1.000000000000000000e+00,2.410000000000000198e-01
3.280000000000000000e+02,1.000000000000000000e+00,2.417499999999998539e-01
3.290000000000000000e+02,1.000000000000000000e+00,2.417499999999998539e-01
3.300000000000000000e+02,1.000000000000000000e+00,2.417499999999998539e-01
3.310000000000000000e+02,1.000000000000000000e+00,2.417499999999998539e-01
3.320000000000000000e+02,1.000000000000000000e+00,2.417499999999998539e-01
3.330000000000000000e+02,1.000000000000000000e+00,2.417499999999998539e-01
3.340000000000000000e+02,1.000000000000000000e+00,2.434999999999998832e-01
3.350000000000000000e+02,1.000000000000000000e+00,2.417499999999998539e-01
3.360000000000000000e+02,1.000000000000000000e+00,2.417499999999998539e-01
3.370000000000000000e+02,1.000000000000000000e+00,2.417499999999998539e-01
3.380000000000000000e+02,1.000000000000000000e+00,2.417499999999998539e-01
3.390000000000000000e+02,1.000000000000000000e+00,2.424999999999998823e-01
3.400000000000000000e+02,1.000000000000000000e+00,2.442499999999999116e-01
3.410000000000000000e+02,1.000000000000000000e+00,2.442499999999999116e-01
3.420000000000000000e+02,1.000000000000000000e+00,2.482499999999999984e-01
3.430000000000000000e+02,1.000000000000000000e+00,2.490000000000000269e-01
3.440000000000000000e+02,1.000000000000000000e+00,2.482499999999999984e-01
3.450000000000000000e+02,1.000000000000000000e+00,2.500000000000000000e-01
3.460000000000000000e+02,1.000000000000000000e+00,2.500000000000000000e-01
3.470000000000000000e+02,1.000000000000000000e+00,2.500000000000000000e-01
3.480000000000000000e+02,1.000000000000000000e+00,2.500000000000000000e-01
3.490000000000000000e+02,1.000000000000000000e+00,2.500000000000000000e-01
3.500000000000000000e+02,1.000000000000000000e+00,2.500000000000000000e-01
3.510000000000000000e+02,1.000000000000000000e+00,2.500000000000000000e-01
3.520000000000000000e+02,1.000000000000000000e+00,2.500000000000000000e-01
3.530000000000000000e+02,1.000000000000000000e+00,2.507499999999998619e-01
3.540000000000000000e+02,1.000000000000000000e+00,2.522499999999999187e-01
3.550000000000000000e+02,1.000000000000000000e+00,2.529999999999999472e-01
3.560000000000000000e+02,1.000000000000000000e+00,2.514999999999998903e-01
3.570000000000000000e+02,1.000000000000000000e+00,2.500000000000000000e-01
3.580000000000000000e+02,1.000000000000000000e+00,2.500000000000000000e-01
3.590000000000000000e+02,1.000000000000000000e+00,2.500000000000000000e-01
3.600000000000000000e+02,1.000000000000000000e+00,2.500000000000000000e-01
3.610000000000000000e+02,1.000000000000000000e+00,2.500000000000000000e-01
3.620000000000000000e+02,1.000000000000000000e+00,2.507499999999998619e-01
3.630000000000000000e+02,1.000000000000000000e+00,2.500000000000000000e-01
3.640000000000000000e+02,1.000000000000000000e+00,2.522499999999999187e-01
3.650000000000000000e+02,1.000000000000000000e+00,2.514999999999998903e-01
3.660000000000000000e+02,1.000000000000000000e+00,2.507499999999998619e-01
3.670000000000000000e+02,1.000000000000000000e+00,2.500000000000000000e-01
3.680000000000000000e+02,1.000000000000000000e+00,2.514999999999998903e-01
3.690000000000000000e+02,1.000000000000000000e+00,2.514999999999998903e-01
3.700000000000000000e+02,1.000000000000000000e+00,2.539999999999998925e-01
3.710000000000000000e+02,1.000000000000000000e+00,2.514999999999998903e-01
3.720000000000000000e+02,1.000000000000000000e+00,2.514999999999998903e-01
3.730000000000000000e+02,1.000000000000000000e+00,2.562499999999999778e-01
3.740000000000000000e+02,1.000000000000000000e+00,2.554999999999999494e-01
3.750000000000000000e+02,1.000000000000000000e+00,2.572499999999999787e-01
3.760000000000000000e+02,1.000000000000000000e+00,2.572499999999999787e-01
3.770000000000000000e+02,1.000000000000000000e+00,2.554999999999999494e-01
3.780000000000000000e+02,1.000000000000000000e+00,2.547499999999999210e-01
3.790000000000000000e+02,1.000000000000000000e+00,2.572499999999999787e-01
3.800000000000000000e+02,1.000000000000000000e+00,2.580000000000000071e-01
3.810000000000000000e+02,1.000000000000000000e+00,2.580000000000000071e-01
3.820000000000000000e+02,1.000000000000000000e+00,2.580000000000000071e-01
3.830000000000000000e+02,1.000000000000000000e+00,2.580000000000000071e-01
3.840000000000000000e+02,1.000000000000000000e+00,2.580000000000000071e-01
3.850000000000000000e+02,1.000000000000000000e+00,2.580000000000000071e-01
3.860000000000000000e+02,1.000000000000000000e+00,2.580000000000000071e-01
3.870000000000000000e+02,1.000000000000000000e+00,2.580000000000000071e-01
3.880000000000000000e+02,1.000000000000000000e+00,2.580000000000000071e-01
3.890000000000000000e+02,1.000000000000000000e+00,2.580000000000000071e-01
3.900000000000000000e+02,1.000000000000000000e+00,2.587499999999998690e-01
3.910000000000000000e+02,1.000000000000000000e+00,2.602499999999999258e-01
3.920000000000000000e+02,1.000000000000000000e+00,2.587499999999998690e-01
3.930000000000000000e+02,1.000000000000000000e+00,2.627499999999999281e-01
3.940000000000000000e+02,1.000000000000000000e+00,2.644999999999999574e-01
3.950000000000000000e+02,1.000000000000000000e+00,2.612499999999998712e-01
3.960000000000000000e+02,1.000000000000000000e+00,2.587499999999998690e-01
3.970000000000000000e+02,1.000000000000000000e+00,2.580000000000000071e-01
3.980000000000000000e+02,1.000000000000000000e+00,2.580000000000000071e-01
3.990000000000000000e+02,1.000000000000000000e+00,2.580000000000000071e-01
4.000000000000000000e+02,1.000000000000000000e+00,2.580000000000000071e-01
4.010000000000000000e+02,1.000000000000000000e+00,2.587499999999998690e-01
4.020000000000000000e+02,1.000000000000000000e+00,2.580000000000000071e-01
4.030000000000000000e+02,1.000000000000000000e+00,2.594999999999998974e-01
4.040000000000000000e+02,1.000000000000000000e+00,2.612499999999998712e-01
4.050000000000000000e+02,1.000000000000000000e+00,2.627499999999999281e-01
4.060000000000000000e+02,1.000000000000000000e+00,2.619999999999998996e-01
4.070000000000000000e+02,1.000000000000000000e+00,2.634999999999999565e-01
4.080000000000000000e+02,1.000000000000000000e+00,2.644999999999999574e-01
4.090000000000000000e+02,1.000000000000000000e+00,2.652499999999999858e-01
4.100000000000000000e+02,1.000000000000000000e+00,2.652499999999999858e-01
4.110000000000000000e+02,1.000000000000000000e+00,2.660000000000000142e-01
4.120000000000000000e+02,1.000000000000000000e+00,2.660000000000000142e-01
4.130000000000000000e+02,1.000000000000000000e+00,2.660000000000000142e-01
4.140000000000000000e+02,1.000000000000000000e+00,2.660000000000000142e-01
4.150000000000000000e+02,1.000000000000000000e+00,2.660000000000000142e-01
4.160000000000000000e+02,1.000000000000000000e+00,2.660000000000000142e-01
4.170000000000000000e+02,1.000000000000000000e+00,2.660000000000000142e-01
4.180000000000000000e+02,1.000000000000000000e+00,2.660000000000000142e-01
4.190000000000000000e+02,1.000000000000000000e+00,2.652499999999999858e-01
4.200000000000000000e+02,1.000000000000000000e+00,2.660000000000000142e-01
4.210000000000000000e+02,1.000000000000000000e+00,2.660000000000000142e-01
4.220000000000000000e+02,1.000000000000000000e+00,2.660000000000000142e-01
4.230000000000000000e+02,1.000000000000000000e+00,2.660000000000000142e-01
4.240000000000000000e+02,1.000000000000000000e+00,2.660000000000000142e-01
4.250000000000000000e+02,1.000000000000000000e+00,2.660000000000000142e-01
4.260000000000000000e+02,1.000000000000000000e+00,2.684999999999998499e-01
4.270000000000000000e+02,1.000000000000000000e+00,2.667499999999998761e-01
4.280000000000000000e+02,1.000000000000000000e+00,2.692499999999998783e-01
4.290000000000000000e+02,1.000000000000000000e+00,2.699999999999999067e-01
4.300000000000000000e+02,1.000000000000000000e+00,2.707499999999999352e-01
4.310000000000000000e+02,1.000000000000000000e+00,2.732499999999999929e-01
4.320000000000000000e+02,1.000000000000000000e+00,2.724999999999999645e-01
4.330000000000000000e+02,1.000000000000000000e+00,2.740000000000000213e-01
4.340000000000000000e+02,1.000000000000000000e+00,2.740000000000000213e-01
4.350000000000000000e+02,1.000000000000000000e+00,2.740000000000000213e-01
4.360000000000000000e+02,1.000000000000000000e+00,2.740000000000000213e-01
4.370000000000000000e+02,1.000000000000000000e+00,2.740000000000000213e-01
4.380000000000000000e+02,1.000000000000000000e+00,2.740000000000000213e-01
4.390000000000000000e+02,1.000000000000000000e+00,2.740000000000000213e-01
4.400000000000000000e+02,1.000000000000000000e+00,2.740000000000000213e-01
4.410000000000000000e+02,1.000000000000000000e+00,2.740000000000000213e-01
4.420000000000000000e+02,1.000000000000000000e+00,2.740000000000000213e-01
4.430000000000000000e+02,1.000000000000000000e+00,2.740000000000000213e-01
4.440000000000000000e+02,1.000000000000000000e+00,2.740000000000000213e-01
4.450000000000000000e+02,1.000000000000000000e+00,2.740000000000000213e-01
4.460000000000000000e+02,1.000000000000000000e+00,2.740000000000000213e-01
4.470000000000000000e+02,1.000000000000000000e+00,2.740000000000000213e-01
4.480000000000000000e+02,1.000000000000000000e+00,2.740000000000000213e-01
4.490000000000000000e+02,1.000000000000000000e+00,2.740000000000000213e-01
4.500000000000000000e+02,1.000000000000000000e+00,2.740000000000000213e-01
4.510000000000000000e+02,1.000000000000000000e+00,2.740000000000000213e-01
4.520000000000000000e+02,1.000000000000000000e+00,2.747499999999998832e-01
4.530000000000000000e+02,1.000000000000000000e+00,2.740000000000000213e-01
4.540000000000000000e+02,1.000000000000000000e+00,2.772499999999998854e-01
4.550000000000000000e+02,1.000000000000000000e+00,2.789999999999999147e-01
4.560000000000000000e+02,1.000000000000000000e+00,2.797499999999999432e-01
4.570000000000000000e+02,1.000000000000000000e+00,2.789999999999999147e-01
4.580000000000000000e+02,1.000000000000000000e+00,2.779999999999999138e-01
4.590000000000000000e+02,1.000000000000000000e+00,2.757499999999998286e-01
4.600000000000000000e+02,1.000000000000000000e+00,2.757499999999998286e-01
4.610000000000000000e+02,1.000000000000000000e+00,2.779999999999999138e-01
4.620000000000000000e+02,1.000000000000000000e+00,2.804999999999999716e-01
4.630000000000000000e+02,1.000000000000000000e+00,2.819999999999998619e-01
4.640000000000000000e+02,1.000000000000000000e+00,2.819999999999998619e-01
4.650000000000000000e+02,1.000000000000000000e+00,2.819999999999998619e-01
4.660000000000000000e+02,1.000000000000000000e+00,2.819999999999998619e-01
4.670000000000000000e+02,1.000000000000000000e+00,2.819999999999998619e-01
4.680000000000000000e+02,1.000000000000000000e+00,2.819999999999998619e-01
4.690000000000000000e+02,1.000000000000000000e+00,2.819999999999998619e-01
4.700000000000000000e+02,1.000000000000000000e+00,2.819999999999998619e-01
4.710000000000000000e+02,1.000000000000000000e+00,2.819999999999998619e-01
4.720000000000000000e+02,1.000000000000000000e+00,2.819999999999998619e-01
4.730000000000000000e+02,1.000000000000000000e+00,2.819999999999998619e-01
4.740000000000000000e+02,1.000000000000000000e+00,2.819999999999998619e-01
4.750000000000000000e+02,1.000000000000000000e+00,2.789999999999999147e-01
4.760000000000000000e+02,1.000000000000000000e+00,2.804999999999999716e-01
4.770000000000000000e+02,1.000000000000000000e+00,2.812500000000000000e-01
4.780000000000000000e+02,1.000000000000000000e+00,2.772499999999998854e-01
4.790000000000000000e+02,1.000000000000000000e+00,2.747499999999998832e-01
4.800000000000000000e+02,1.000000000000000000e+00,2.747499999999998832e-01
4.810000000000000000e+02,1.000000000000000000e+00,2.740000000000000213e-01
4.820000000000000000e+02,1.000000000000000000e+00,2.740000000000000213e-01
4.830000000000000000e+02,1.000000000000000000e+00,2.740000000000000213e-01
4.840000000000000000e+02,1.000000000000000000e+00,2.740000000000000213e-01
4.850000000000000000e+02,1.000000000000000000e+00,2.740000000000000213e-01
4.860000000000000000e+02,1.000000000000000000e+00,2.740000000000000213e-01
4.870000000000000000e+02,1.000000000000000000e+00,2.740000000000000213e-01
4.880000000000000000e+02,1.000000000000000000e+00,2.740000000000000213e-01
4.890000000000000000e+02,1.000000000000000000e+00,2.747499999999998832e-01
4.900000000000000000e+02,1.000000000000000000e+00,2.740000000000000213e-01
4.910000000000000000e+02,1.000000000000000000e+00,2.747499999999998832e-01
4.920000000000000000e+02,1.000000000000000000e+00,2.772499999999998854e-01
4.930000000000000000e+02,1.000000000000000000e+00,2.779999999999999138e-01
4.940000000000000000e+02,1.000000000000000000e+00,2.789999999999999147e-01
4.950000000000000000e+02,1.000000000000000000e+00,2.747499999999998832e-01
4.960000000000000000e+02,1.000000000000000000e+00,2.819999999999998619e-01
4.970000000000000000e+02,1.000000000000000000e+00,2.812500000000000000e-01
4.980000000000000000e+02,1.000000000000000000e+00,2.819999999999998619e-01
4.990000000000000000e+02,1.000000000000000000e+00,2.819999999999998619e-01
5.000000000000000000e+02,1.000000000000000000e+00,2.819999999999998619e-01
5.010000000000000000e+02,1.000000000000000000e+00,2.804999999999999716e-01
5.020000000000000000e+02,1.000000000000000000e+00,2.797499999999999432e-01
5.030000000000000000e+02,1.000000000000000000e+00,2.819999999999998619e-01
5.040000000000000000e+02,1.000000000000000000e+00,2.819999999999998619e-01
5.050000000000000000e+02,1.000000000000000000e+00,2.819999999999998619e-01
5.060000000000000000e+02,1.000000000000000000e+00,2.830000000000000293e-01
5.070000000000000000e+02,1.000000000000000000e+00,2.819999999999998619e-01
5.080000000000000000e+02,1.000000000000000000e+00,2.852499999999998925e-01
5.090000000000000000e+02,1.000000000000000000e+00,2.852499999999998925e-01
5.100000000000000000e+02,1.000000000000000000e+00,2.837499999999998357e-01
5.110000000000000000e+02,1.000000000000000000e+00,2.819999999999998619e-01
5.120000000000000000e+02,1.000000000000000000e+00,2.819999999999998619e-01
5.130000000000000000e+02,1.000000000000000000e+00,2.819999999999998619e-01
5.140000000000000000e+02,1.000000000000000000e+00,2.819999999999998619e-01
5.150000000000000000e+02,1.000000000000000000e+00,2.819999999999998619e-01
5.160000000000000000e+02,1.000000000000000000e+00,2.819999999999998619e-01
5.170000000000000000e+02,1.000000000000000000e+00,2.819999999999998619e-01
5.180000000000000000e+02,1.000000000000000000e+00,2.819999999999998619e-01
5.190000000000000000e+02,1.000000000000000000e+00,2.819999999999998619e-01
5.200000000000000000e+02,1.000000000000000000e+00,2.819999999999998619e-01
5.210000000000000000e+02,1.000000000000000000e+00,2.830000000000000293e-01
5.220000000000000000e+02,1.000000000000000000e+00,2.844999999999998641e-01
5.230000000000000000e+02,1.000000000000000000e+00,2.844999999999998641e-01
5.240000000000000000e+02,1.000000000000000000e+00,2.819999999999998619e-01
5.250000000000000000e+02,1.000000000000000000e+00,2.819999999999998619e-01
5.260000000000000000e+02,1.000000000000000000e+00,2.837499999999998357e-01
5.270000000000000000e+02,1.000000000000000000e+00,2.819999999999998619e-01
5.280000000000000000e+02,1.000000000000000000e+00,2.819999999999998619e-01
5.290000000000000000e+02,1.000000000000000000e+00,2.819999999999998619e-01
5.300000000000000000e+02,1.000000000000000000e+00,2.819999999999998619e-01
5.310000000000000000e+02,1.000000000000000000e+00,2.830000000000000293e-01
5.320000000000000000e+02,1.000000000000000000e+00,2.837499999999998357e-01
5.330000000000000000e+02,1.000000000000000000e+00,2.862499999999998934e-01
5.340000000000000000e+02,1.000000000000000000e+00,2.884999999999999787e-01
5.350000000000000000e+02,1.000000000000000000e+00,2.892500000000000071e-01
5.360000000000000000e+02,1.000000000000000000e+00,2.869999999999999218e-01
5.370000000000000000e+02,1.000000000000000000e+00,2.862499999999998934e-01
5.380000000000000000e+02,1.000000000000000000e+00,2.869999999999999218e-01
5.390000000000000000e+02,1.000000000000000000e+00,2.892500000000000071e-01
5.400000000000000000e+02,1.000000000000000000e+00,2.902500000000000080e-01
5.410000000000000000e+02,1.000000000000000000e+00,2.884999999999999787e-01
5.420000000000000000e+02,1.000000000000000000e+00,2.884999999999999787e-01
5.430000000000000000e+02,1.000000000000000000e+00,2.892500000000000071e-01
5.440000000000000000e+02,1.000000000000000000e+00,2.902500000000000080e-01
5.450000000000000000e+02,1.000000000000000000e+00,2.892500000000000071e-01
5.460000000000000000e+02,1.000000000000000000e+00,2.902500000000000080e-01
5.470000000000000000e+02,1.000000000000000000e+00,2.902500000000000080e-01
5.480000000000000000e+02,1.000000000000000000e+00,2.902500000000000080e-01
5.490000000000000000e+02,1.000000000000000000e+00,2.902500000000000080e-01
5.500000000000000000e+02,1.000000000000000000e+00,2.902500000000000080e-01
5.510000000000000000e+02,1.000000000000000000e+00,2.902500000000000080e-01
5.520000000000000000e+02,1.000000000000000000e+00,2.902500000000000080e-01
5.530000000000000000e+02,1.000000000000000000e+00,2.902500000000000080e-01
5.540000000000000000e+02,1.000000000000000000e+00,2.902500000000000080e-01
5.550000000000000000e+02,1.000000000000000000e+00,2.917499999999998428e-01
5.560000000000000000e+02,1.000000000000000000e+00,2.902500000000000080e-01
5.570000000000000000e+02,1.000000000000000000e+00,2.902500000000000080e-01
5.580000000000000000e+02,1.000000000000000000e+00,2.902500000000000080e-01
5.590000000000000000e+02,1.000000000000000000e+00,2.934999999999998721e-01
5.600000000000000000e+02,1.000000000000000000e+00,2.924999999999998712e-01
5.610000000000000000e+02,1.000000000000000000e+00,2.964999999999999858e-01
5.620000000000000000e+02,1.000000000000000000e+00,2.924999999999998712e-01
5.630000000000000000e+02,1.000000000000000000e+00,2.910000000000000364e-01
5.640000000000000000e+02,1.000000000000000000e+00,2.942499999999999005e-01
5.650000000000000000e+02,1.000000000000000000e+00,2.934999999999998721e-01
5.660000000000000000e+02,1.000000000000000000e+00,2.910000000000000364e-01
5.670000000000000000e+02,1.000000000000000000e+00,2.942499999999999005e-01
5.680000000000000000e+02,1.000000000000000000e+00,2.917499999999998428e-01
5.690000000000000000e+02,1.000000000000000000e+00,2.957499999999999574e-01
5.700000000000000000e+02,1.000000000000000000e+00,2.957499999999999574e-01
5.710000000000000000e+02,1.000000000000000000e+00,2.964999999999999858e-01
5.720000000000000000e+02,1.000000000000000000e+00,2.942499999999999005e-01
5.730000000000000000e+02,1.000000000000000000e+00,2.924999999999998712e-01
5.740000000000000000e+02,1.000000000000000000e+00,2.934999999999998721e-01
5.750000000000000000e+02,1.000000000000000000e+00,2.917499999999998428e-01
5.760000000000000000e+02,1.000000000000000000e+00,2.949999999999999289e-01
5.770000000000000000e+02,1.000000000000000000e+00,2.957499999999999574e-01
5.780000000000000000e+02,1.000000000000000000e+00,2.982500000000000151e-01
5.790000000000000000e+02,1.000000000000000000e+00,2.974999999999999867e-01
5.800000000000000000e+02,1.000000000000000000e+00,2.974999999999999867e-01
5.810000000000000000e+02,1.000000000000000000e+00,2.982500000000000151e-01
5.820000000000000000e+02,1.000000000000000000e+00,2.982500000000000151e-01
5.830000000000000000e+02,1.000000000000000000e+00,2.982500000000000151e-01
5.840000000000000000e+02,1.000000000000000000e+00,2.982500000000000151e-01
5.850000000000000000e+02,1.000000000000000000e+00,2.982500000000000151e-01
5.860000000000000000e+02,1.000000000000000000e+00,2.982500000000000151e-01
5.870000000000000000e+02,1.000000000000000000e+00,2.982500000000000151e-01
5.880000000000000000e+02,1.000000000000000000e+00,2.974999999999999867e-01
5.890000000000000000e+02,1.000000000000000000e+00,2.957499999999999574e-01
5.900000000000000000e+02,1.000000000000000000e+00,2.974999999999999867e-01
5.910000000000000000e+02,1.000000000000000000e+00,2.942499999999999005e-01
5.920000000000000000e+02,1.000000000000000000e+00,2.942499999999999005e-01
5.930000000000000000e+02,1.000000000000000000e+00,2.917499999999998428e-01
5.940000000000000000e+02,1.000000000000000000e+00,2.917499999999998428e-01
5.950000000000000000e+02,1.000000000000000000e+00,2.910000000000000364e-01
5.960000000000000000e+02,1.000000000000000000e+00,2.902500000000000080e-01
5.970000000000000000e+02,1.000000000000000000e+00,2.917499999999998428e-01
5.980000000000000000e+02,1.000000000000000000e+00,2.917499999999998428e-01
5.990000000000000000e+02,1.000000000000000000e+00,2.957499999999999574e-01
6.000000000000000000e+02,1.000000000000000000e+00,2.974999999999999867e-01
6.010000000000000000e+02,1.000000000000000000e+00,2.982500000000000151e-01
6.020000000000000000e+02,1.000000000000000000e+00,2.982500000000000151e-01
6.030000000000000000e+02,1.000000000000000000e+00,2.982500000000000151e-01
6.040000000000000000e+02,1.000000000000000000e+00,2.982500000000000151e-01
6.050000000000000000e+02,1.000000000000000000e+00,2.982500000000000151e-01
6.060000000000000000e+02,1.000000000000000000e+00,2.982500000000000151e-01
6.070000000000000000e+02,1.000000000000000000e+00,2.964999999999999858e-01
6.080000000000000000e+02,1.000000000000000000e+00,2.957499999999999574e-01
6.090000000000000000e+02,1.000000000000000000e+00,2.957499999999999574e-01
6.100000000000000000e+02,1.000000000000000000e+00,2.949999999999999289e-01
6.110000000000000000e+02,1.000000000000000000e+00,2.902500000000000080e-01
6.120000000000000000e+02,1.000000000000000000e+00,2.917499999999998428e-01
6.130000000000000000e+02,1.000000000000000000e+00,2.902500000000000080e-01
6.140000000000000000e+02,1.000000000000000000e+00,2.902500000000000080e-01
6.150000000000000000e+02,1.000000000000000000e+00,2.902500000000000080e-01
6.160000000000000000e+02,1.000000000000000000e+00,2.902500000000000080e-01
6.170000000000000000e+02,1.000000000000000000e+00,2.902500000000000080e-01
6.180000000000000000e+02,1.000000000000000000e+00,2.924999999999998712e-01
6.190000000000000000e+02,1.000000000000000000e+00,2.934999999999998721e-01
6.200000000000000000e+02,1.000000000000000000e+00,2.917499999999998428e-01
6.210000000000000000e+02,1.000000000000000000e+00,2.910000000000000364e-01
6.220000000000000000e+02,1.000000000000000000e+00,2.902500000000000080e-01
6.230000000000000000e+02,1.000000000000000000e+00,2.902500000000000080e-01
6.240000000000000000e+02,1.000000000000000000e+00,2.902500000000000080e-01
6.250000000000000000e+02,1.000000000000000000e+00,2.902500000000000080e-01
6.260000000000000000e+02,1.000000000000000000e+00,2.917499999999998428e-01
6.270000000000000000e+02,1.000000000000000000e+00,2.902500000000000080e-01
6.280000000000000000e+02,1.000000000000000000e+00,2.934999999999998721e-01
6.290000000000000000e+02,1.000000000000000000e+00,2.934999999999998721e-01
6.300000000000000000e+02,1.000000000000000000e+00,2.942499999999999005e-01
6.310000000000000000e+02,1.000000000000000000e+00,2.902500000000000080e-01
6.320000000000000000e+02,1.000000000000000000e+00,2.910000000000000364e-01
6.330000000000000000e+02,1.000000000000000000e+00,2.902500000000000080e-01
6.340000000000000000e+02,1.000000000000000000e+00,2.902500000000000080e-01
6.350000000000000000e+02,1.000000000000000000e+00,2.902500000000000080e-01
6.360000000000000000e+02,1.000000000000000000e+00,2.902500000000000080e-01
6.370000000000000000e+02,1.000000000000000000e+00,2.902500000000000080e-01
6.380000000000000000e+02,1.000000000000000000e+00,2.902500000000000080e-01
6.390000000000000000e+02,1.000000000000000000e+00,2.942499999999999005e-01
6.400000000000000000e+02,1.000000000000000000e+00,2.942499999999999005e-01
6.410000000000000000e+02,1.000000000000000000e+00,2.934999999999998721e-01
6.420000000000000000e+02,1.000000000000000000e+00,2.974999999999999867e-01
6.430000000000000000e+02,1.000000000000000000e+00,2.964999999999999858e-01
6.440000000000000000e+02,1.000000000000000000e+00,2.934999999999998721e-01
6.450000000000000000e+02,1.000000000000000000e+00,2.910000000000000364e-01
6.460000000000000000e+02,1.000000000000000000e+00,2.902500000000000080e-01
6.470000000000000000e+02,1.000000000000000000e+00,2.924999999999998712e-01
6.480000000000000000e+02,1.000000000000000000e+00,2.957499999999999574e-01
6.490000000000000000e+02,1.000000000000000000e+00,2.982500000000000151e-01
6.500000000000000000e+02,1.000000000000000000e+00,2.982500000000000151e-01
6.510000000000000000e+02,1.000000000000000000e+00,2.982500000000000151e-01
6.520000000000000000e+02,1.000000000000000000e+00,2.949999999999999289e-01
6.530000000000000000e+02,1.000000000000000000e+00,2.902500000000000080e-01
6.540000000000000000e+02,1.000000000000000000e+00,2.902500000000000080e-01
6.550000000000000000e+02,1.000000000000000000e+00,2.910000000000000364e-01
6.560000000000000000e+02,1.000000000000000000e+00,2.957499999999999574e-01
6.570000000000000000e+02,1.000000000000000000e+00,2.982500000000000151e-01
6.580000000000000000e+02,1.000000000000000000e+00,2.982500000000000151e-01
6.590000000000000000e+02,1.000000000000000000e+00,2.982500000000000151e-01
6.600000000000000000e+02,1.000000000000000000e+00,2.982500000000000151e-01
6.610000000000000000e+02,1.000000000000000000e+00,2.982500000000000151e-01
6.620000000000000000e+02,1.000000000000000000e+00,2.982500000000000151e-01
6.630000000000000000e+02,1.000000000000000000e+00,2.982500000000000151e-01
6.640000000000000000e+02,1.000000000000000000e+00,2.982500000000000151e-01
6.650000000000000000e+02,1.000000000000000000e+00,2.982500000000000151e-01
6.660000000000000000e+02,1.000000000000000000e+00,2.982500000000000151e-01
6.670000000000000000e+02,1.000000000000000000e+00,2.982500000000000151e-01
6.680000000000000000e+02,1.000000000000000000e+00,2.964999999999999858e-01
6.690000000000000000e+02,1.000000000000000000e+00,2.982500000000000151e-01
6.700000000000000000e+02,1.000000000000000000e+00,2.964999999999999858e-01
6.710000000000000000e+02,1.000000000000000000e+00,2.957499999999999574e-01
6.720000000000000000e+02,1.000000000000000000e+00,2.917499999999998428e-01
6.730000000000000000e+02,1.000000000000000000e+00,2.910000000000000364e-01
6.740000000000000000e+02,1.000000000000000000e+00,2.949999999999999289e-01
6.750000000000000000e+02,1.000000000000000000e+00,2.974999999999999867e-01
6.760000000000000000e+02,1.000000000000000000e+00,2.982500000000000151e-01
6.770000000000000000e+02,1.000000000000000000e+00,2.982500000000000151e-01
6.780000000000000000e+02,1.000000000000000000e+00,2.982500000000000151e-01
6.790000000000000000e+02,1.000000000000000000e+00,2.974999999999999867e-01
6.800000000000000000e+02,1.000000000000000000e+00,2.982500000000000151e-01
6.810000000000000000e+02,1.000000000000000000e+00,2.982500000000000151e-01
6.820000000000000000e+02,1.000000000000000000e+00,2.982500000000000151e-01
6.830000000000000000e+02,1.000000000000000000e+00,2.982500000000000151e-01
6.840000000000000000e+02,1.000000000000000000e+00,2.982500000000000151e-01
6.850000000000000000e+02,1.000000000000000000e+00,2.982500000000000151e-01
6.860000000000000000e+02,1.000000000000000000e+00,2.957499999999999574e-01
6.870000000000000000e+02,1.000000000000000000e+00,2.957499999999999574e-01
6.880000000000000000e+02,1.000000000000000000e+00,2.957499999999999574e-01
6.890000000000000000e+02,1.000000000000000000e+00,2.964999999999999858e-01
6.900000000000000000e+02,1.000000000000000000e+00,2.949999999999999289e-01
6.910000000000000000e+02,1.000000000000000000e+00,2.949999999999999289e-01
6.920000000000000000e+02,1.000000000000000000e+00,2.964999999999999858e-01
6.930000000000000000e+02,1.000000000000000000e+00,2.942499999999999005e-01
6.940000000000000000e+02,1.000000000000000000e+00,2.949999999999999289e-01
6.950000000000000000e+02,1.000000000000000000e+00,2.924999999999998712e-01
6.960000000000000000e+02,1.000000000000000000e+00,2.942499999999999005e-01
6.970000000000000000e+02,1.000000000000000000e+00,2.910000000000000364e-01
6.980000000000000000e+02,1.000000000000000000e+00,2.924999999999998712e-01
6.990000000000000000e+02,1.000000000000000000e+00,2.902500000000000080e-01
7.000000000000000000e+02,1.000000000000000000e+00,2.910000000000000364e-01
7.010000000000000000e+02,1.000000000000000000e+00,2.924999999999998712e-01
7.020000000000000000e+02,1.000000000000000000e+00,2.917499999999998428e-01
7.030000000000000000e+02,1.000000000000000000e+00,2.910000000000000364e-01
7.040000000000000000e+02,1.000000000000000000e+00,2.949999999999999289e-01
7.050000000000000000e+02,1.000000000000000000e+00,2.924999999999998712e-01
7.060000000000000000e+02,1.000000000000000000e+00,2.934999999999998721e-01
7.070000000000000000e+02,1.000000000000000000e+00,2.934999999999998721e-01
7.080000000000000000e+02,1.000000000000000000e+00,2.942499999999999005e-01
7.090000000000000000e+02,1.000000000000000000e+00,2.942499999999999005e-01
7.100000000000000000e+02,1.000000000000000000e+00,2.924999999999998712e-01
7.110000000000000000e+02,1.000000000000000000e+00,2.917499999999998428e-01
7.120000000000000000e+02,1.000000000000000000e+00,2.917499999999998428e-01
7.130000000000000000e+02,1.000000000000000000e+00,2.974999999999999867e-01
7.140000000000000000e+02,1.000000000000000000e+00,2.974999999999999867e-01
7.150000000000000000e+02,1.000000000000000000e+00,2.974999999999999867e-01
7.160000000000000000e+02,1.000000000000000000e+00,2.964999999999999858e-01
7.170000000000000000e+02,1.000000000000000000e+00,2.974999999999999867e-01
7.180000000000000000e+02,1.000000000000000000e+00,2.974999999999999867e-01
7.190000000000000000e+02,1.000000000000000000e+00,2.974999999999999867e-01
7.200000000000000000e+02,1.000000000000000000e+00,2.982500000000000151e-01
7.210000000000000000e+02,1.000000000000000000e+00,2.974999999999999867e-01
7.220000000000000000e+02,1.000000000000000000e+00,2.982500000000000151e-01
7.230000000000000000e+02,1.000000000000000000e+00,2.982500000000000151e-01
7.240000000000000000e+02,1.000000000000000000e+00,2.982500000000000151e-01
7.250000000000000000e+02,1.000000000000000000e+00,2.982500000000000151e-01
7.260000000000000000e+02,1.000000000000000000e+00,2.982500000000000151e-01
7.270000000000000000e+02,1.000000000000000000e+00,2.982500000000000151e-01
7.280000000000000000e+02,1.000000000000000000e+00,2.982500000000000151e-01
7.290000000000000000e+02,1.000000000000000000e+00,2.997499999999998499e-01
7.300000000000000000e+02,1.000000000000000000e+00,3.062500000000000222e-01
7.310000000000000000e+02,1.000000000000000000e+00,3.069999999999998286e-01
7.320000000000000000e+02,1.000000000000000000e+00,3.127499999999999725e-01
7.330000000000000000e+02,1.000000000000000000e+00,3.142500000000000293e-01
7.340000000000000000e+02,1.000000000000000000e+00,3.142500000000000293e-01
7.350000000000000000e+02,1.000000000000000000e+00,3.127499999999999725e-01
7.360000000000000000e+02,1.000000000000000000e+00,3.119999999999999440e-01
7.370000000000000000e+02,1.000000000000000000e+00,3.142500000000000293e-01
7.380000000000000000e+02,1.000000000000000000e+00,3.142500000000000293e-01
7.390000000000000000e+02,1.000000000000000000e+00,3.142500000000000293e-01
7.400000000000000000e+02,1.000000000000000000e+00,3.135000000000000009e-01
7.410000000000000000e+02,1.000000000000000000e+00,3.119999999999999440e-01
7.420000000000000000e+02,1.000000000000000000e+00,3.087499999999998579e-01
7.430000000000000000e+02,1.000000000000000000e+00,3.094999999999998863e-01
7.440000000000000000e+02,1.000000000000000000e+00,3.094999999999998863e-01
7.450000000000000000e+02,1.000000000000000000e+00,3.079999999999999960e-01
7.460000000000000000e+02,1.000000000000000000e+00,3.062500000000000222e-01
7.470000000000000000e+02,1.000000000000000000e+00,3.069999999999998286e-01
7.480000000000000000e+02,1.000000000000000000e+00,3.079999999999999960e-01
7.490000000000000000e+02,1.000000000000000000e+00,3.062500000000000222e-01
7.500000000000000000e+02,1.000000000000000000e+00,3.062500000000000222e-01
7.510000000000000000e+02,1.000000000000000000e+00,3.062500000000000222e-01
7.520000000000000000e+02,1.000000000000000000e+00,3.022499999999999076e-01
7.530000000000000000e+02,1.000000000000000000e+00,3.014999999999998792e-01
7.540000000000000000e+02,1.000000000000000000e+00,2.990000000000000435e-01
7.550000000000000000e+02,1.000000000000000000e+00,2.990000000000000435e-01
7.560000000000000000e+02,1.000000000000000000e+00,2.982500000000000151e-01
7.570000000000000000e+02,1.000000000000000000e+00,2.982500000000000151e-01
7.580000000000000000e+02,1.000000000000000000e+00,2.982500000000000151e-01
7.590000000000000000e+02,1.000000000000000000e+00,2.982500000000000151e-01
7.600000000000000000e+02,1.000000000000000000e+00,2.910000000000000364e-01
7.610000000000000000e+02,1.000000000000000000e+00,2.902500000000000080e-01
7.620000000000000000e+02,1.000000000000000000e+00,2.837499999999998357e-01
7.630000000000000000e+02,1.000000000000000000e+00,2.819999999999998619e-01
7.640000000000000000e+02,1.000000000000000000e+00,2.902500000000000080e-01
7.650000000000000000e+02,1.000000000000000000e+00,2.902500000000000080e-01
7.660000000000000000e+02,1.000000000000000000e+00,2.917499999999998428e-01
7.670000000000000000e+02,1.000000000000000000e+00,2.924999999999998712e-01
7.680000000000000000e+02,1.000000000000000000e+00,2.957499999999999574e-01
7.690000000000000000e+02,1.000000000000000000e+00,2.982500000000000151e-01
7.700000000000000000e+02,1.000000000000000000e+00,2.957499999999999574e-01
7.710000000000000000e+02,1.000000000000000000e+00,2.982500000000000151e-01
7.720000000000000000e+02,1.000000000000000000e+00,2.957499999999999574e-01
7.730000000000000000e+02,1.000000000000000000e+00,2.942499999999999005e-01
7.740000000000000000e+02,1.000000000000000000e+00,2.924999999999998712e-01
7.750000000000000000e+02,1.000000000000000000e+00,2.917499999999998428e-01
7.760000000000000000e+02,1.000000000000000000e+00,2.942499999999999005e-01
7.770000000000000000e+02,1.000000000000000000e+00,2.934999999999998721e-01
7.780000000000000000e+02,1.000000000000000000e+00,2.917499999999998428e-01
7.790000000000000000e+02,1.000000000000000000e+00,2.910000000000000364e-01
7.800000000000000000e+02,1.000000000000000000e+00,2.910000000000000364e-01
7.810000000000000000e+02,1.000000000000000000e+00,2.917499999999998428e-01
7.820000000000000000e+02,1.000000000000000000e+00,2.917499999999998428e-01
7.830000000000000000e+02,1.000000000000000000e+00,2.974999999999999867e-01
7.840000000000000000e+02,1.000000000000000000e+00,2.982500000000000151e-01
7.850000000000000000e+02,1.000000000000000000e+00,2.982500000000000151e-01
7.860000000000000000e+02,1.000000000000000000e+00,2.990000000000000435e-01
7.870000000000000000e+02,1.000000000000000000e+00,2.990000000000000435e-01
7.880000000000000000e+02,1.000000000000000000e+00,3.022499999999999076e-01
7.890000000000000000e+02,1.000000000000000000e+00,3.047499999999999654e-01
7.900000000000000000e+02,1.000000000000000000e+00,3.047499999999999654e-01
7.910000000000000000e+02,1.000000000000000000e+00,3.037499999999999645e-01
7.920000000000000000e+02,1.000000000000000000e+00,3.014999999999998792e-01
7.930000000000000000e+02,1.000000000000000000e+00,3.047499999999999654e-01
7.940000000000000000e+02,1.000000000000000000e+00,2.982500000000000151e-01
7.950000000000000000e+02,1.000000000000000000e+00,2.982500000000000151e-01
7.960000000000000000e+02,1.000000000000000000e+00,2.982500000000000151e-01
7.970000000000000000e+02,1.000000000000000000e+00,2.982500000000000151e-01
7.980000000000000000e+02,1.000000000000000000e+00,2.982500000000000151e-01
7.990000000000000000e+02,1.000000000000000000e+00,2.982500000000000151e-01
8.000000000000000000e+02,1.000000000000000000e+00,2.974999999999999867e-01
8.010000000000000000e+02,1.000000000000000000e+00,2.949999999999999289e-01
8.020000000000000000e+02,1.000000000000000000e+00,2.942499999999999005e-01
8.030000000000000000e+02,1.000000000000000000e+00,2.974999999999999867e-01
8.040000000000000000e+02,1.000000000000000000e+00,2.982500000000000151e-01
8.050000000000000000e+02,1.000000000000000000e+00,2.982500000000000151e-01
8.060000000000000000e+02,1.000000000000000000e+00,2.982500000000000151e-01
8.070000000000000000e+02,1.000000000000000000e+00,2.982500000000000151e-01
8.080000000000000000e+02,1.000000000000000000e+00,2.964999999999999858e-01
8.090000000000000000e+02,1.000000000000000000e+00,2.957499999999999574e-01
8.100000000000000000e+02,1.000000000000000000e+00,2.982500000000000151e-01
8.110000000000000000e+02,1.000000000000000000e+00,2.982500000000000151e-01
8.120000000000000000e+02,1.000000000000000000e+00,3.014999999999998792e-01
8.130000000000000000e+02,1.000000000000000000e+00,3.029999999999999361e-01
8.140000000000000000e+02,1.000000000000000000e+00,3.054999999999999938e-01
8.150000000000000000e+02,1.000000000000000000e+00,3.062500000000000222e-01
8.160000000000000000e+02,1.000000000000000000e+00,3.127499999999999725e-01
8.170000000000000000e+02,1.000000000000000000e+00,3.142500000000000293e-01
8.180000000000000000e+02,1.000000000000000000e+00,3.142500000000000293e-01
8.190000000000000000e+02,1.000000000000000000e+00,3.142500000000000293e-01
8.200000000000000000e+02,1.000000000000000000e+00,3.142500000000000293e-01
8.210000000000000000e+02,1.000000000000000000e+00,3.135000000000000009e-01
8.220000000000000000e+02,1.000000000000000000e+00,3.135000000000000009e-01
8.230000000000000000e+02,1.000000000000000000e+00,3.142500000000000293e-01
8.240000000000000000e+02,1.000000000000000000e+00,3.142500000000000293e-01
8.250000000000000000e+02,1.000000000000000000e+00,3.142500000000000293e-01
8.260000000000000000e+02,1.000000000000000000e+00,3.152499999999999747e-01
8.270000000000000000e+02,1.000000000000000000e+00,3.192499999999999227e-01
8.280000000000000000e+02,1.000000000000000000e+00,3.224999999999999534e-01
8.290000000000000000e+02,1.000000000000000000e+00,3.152499999999999747e-01
8.300000000000000000e+02,1.000000000000000000e+00,3.142500000000000293e-01
8.310000000000000000e+02,1.000000000000000000e+00,3.142500000000000293e-01
8.320000000000000000e+02,1.000000000000000000e+00,3.142500000000000293e-01
8.330000000000000000e+02,1.000000000000000000e+00,3.152499999999999747e-01
8.340000000000000000e+02,1.000000000000000000e+00,3.224999999999999534e-01
8.350000000000000000e+02,1.000000000000000000e+00,3.224999999999999534e-01
8.360000000000000000e+02,1.000000000000000000e+00,3.232499999999999818e-01
8.370000000000000000e+02,1.000000000000000000e+00,3.287499999999999867e-01
8.380000000000000000e+02,1.000000000000000000e+00,3.272499999999999298e-01
8.390000000000000000e+02,1.000000000000000000e+00,3.224999999999999534e-01
8.400000000000000000e+02,1.000000000000000000e+00,3.224999999999999534e-01
8.410000000000000000e+02,1.000000000000000000e+00,3.224999999999999534e-01
8.420000000000000000e+02,1.000000000000000000e+00,3.207499999999999796e-01
8.430000000000000000e+02,1.000000000000000000e+00,3.182499999999999218e-01
8.440000000000000000e+02,1.000000000000000000e+00,3.142500000000000293e-01
8.450000000000000000e+02,1.000000000000000000e+00,3.142500000000000293e-01
8.460000000000000000e+02,1.000000000000000000e+00,3.142500000000000293e-01
8.470000000000000000e+02,1.000000000000000000e+00,3.142500000000000293e-01
8.480000000000000000e+02,1.000000000000000000e+00,3.215000000000000080e-01
8.490000000000000000e+02,1.000000000000000000e+00,3.224999999999999534e-01
8.500000000000000000e+02,1.000000000000000000e+00,3.215000000000000080e-01
8.510000000000000000e+02,1.000000000000000000e+00,3.182499999999999218e-01
8.520000000000000000e+02,1.000000000000000000e+00,3.182499999999999218e-01
8.530000000000000000e+02,1.000000000000000000e+00,3.142500000000000293e-01
8.540000000000000000e+02,1.000000000000000000e+00,3.152499999999999747e-01
8.550000000000000000e+02,1.000000000000000000e+00,3.142500000000000293e-01
8.560000000000000000e+02,1.000000000000000000e+00,3.142500000000000293e-01
8.570000000000000000e+02,1.000000000000000000e+00,3.135000000000000009e-01
8.580000000000000000e+02,1.000000000000000000e+00,3.102499999999999147e-01
8.590000000000000000e+02,1.000000000000000000e+00,3.087499999999998579e-01
8.600000000000000000e+02,1.000000000000000000e+00,3.135000000000000009e-01
8.610000000000000000e+02,1.000000000000000000e+00,3.142500000000000293e-01
8.620000000000000000e+02,1.000000000000000000e+00,3.142500000000000293e-01
8.630000000000000000e+02,1.000000000000000000e+00,3.142500000000000293e-01
8.640000000000000000e+02,1.000000000000000000e+00,3.142500000000000293e-01
8.650000000000000000e+02,1.000000000000000000e+00,3.142500000000000293e-01
8.660000000000000000e+02,1.000000000000000000e+00,3.142500000000000293e-01
8.670000000000000000e+02,1.000000000000000000e+00,3.142500000000000293e-01
8.680000000000000000e+02,1.000000000000000000e+00,3.142500000000000293e-01
8.690000000000000000e+02,1.000000000000000000e+00,3.127499999999999725e-01
8.700000000000000000e+02,1.000000000000000000e+00,3.127499999999999725e-01
8.710000000000000000e+02,1.000000000000000000e+00,3.094999999999998863e-01
8.720000000000000000e+02,1.000000000000000000e+00,3.069999999999998286e-01
8.730000000000000000e+02,1.000000000000000000e+00,3.062500000000000222e-01
8.740000000000000000e+02,1.000000000000000000e+00,3.062500000000000222e-01
8.750000000000000000e+02,1.000000000000000000e+00,3.062500000000000222e-01
8.760000000000000000e+02,1.000000000000000000e+00,3.062500000000000222e-01
8.770000000000000000e+02,1.000000000000000000e+00,3.062500000000000222e-01
8.780000000000000000e+02,1.000000000000000000e+00,3.062500000000000222e-01
8.790000000000000000e+02,1.000000000000000000e+00,3.054999999999999938e-01
8.800000000000000000e+02,1.000000000000000000e+00,3.062500000000000222e-01
8.810000000000000000e+02,1.000000000000000000e+00,3.062500000000000222e-01
8.820000000000000000e+02,1.000000000000000000e+00,3.062500000000000222e-01
8.830000000000000000e+02,1.000000000000000000e+00,3.062500000000000222e-01
8.840000000000000000e+02,1.000000000000000000e+00,3.062500000000000222e-01
8.850000000000000000e+02,1.000000000000000000e+00,3.062500000000000222e-01
8.860000000000000000e+02,1.000000000000000000e+00,3.062500000000000222e-01
8.870000000000000000e+02,1.000000000000000000e+00,3.047499999999999654e-01
8.880000000000000000e+02,1.000000000000000000e+00,3.037499999999999645e-01
8.890000000000000000e+02,1.000000000000000000e+00,3.037499999999999645e-01
8.900000000000000000e+02,1.000000000000000000e+00,3.047499999999999654e-01
8.910000000000000000e+02,1.000000000000000000e+00,3.047499999999999654e-01
8.920000000000000000e+02,1.000000000000000000e+00,3.062500000000000222e-01
8.930000000000000000e+02,1.000000000000000000e+00,3.135000000000000009e-01
8.940000000000000000e+02,1.000000000000000000e+00,3.142500000000000293e-01
8.950000000000000000e+02,1.000000000000000000e+00,3.142500000000000293e-01
8.960000000000000000e+02,1.000000000000000000e+00,3.142500000000000293e-01
8.970000000000000000e+02,1.000000000000000000e+00,3.142500000000000293e-01
8.980000000000000000e+02,1.000000000000000000e+00,3.135000000000000009e-01
8.990000000000000000e+02,1.000000000000000000e+00,3.135000000000000009e-01
9.000000000000000000e+02,1.000000000000000000e+00,3.142500000000000293e-01
9.010000000000000000e+02,1.000000000000000000e+00,3.152499999999999747e-01
9.020000000000000000e+02,1.000000000000000000e+00,3.142500000000000293e-01
9.030000000000000000e+02,1.000000000000000000e+00,3.142500000000000293e-01
9.040000000000000000e+02,1.000000000000000000e+00,3.119999999999999440e-01
9.050000000000000000e+02,1.000000000000000000e+00,3.109999999999999432e-01
9.060000000000000000e+02,1.000000000000000000e+00,3.142500000000000293e-01
9.070000000000000000e+02,1.000000000000000000e+00,3.109999999999999432e-01
9.080000000000000000e+02,1.000000000000000000e+00,3.142500000000000293e-01
9.090000000000000000e+02,1.000000000000000000e+00,3.142500000000000293e-01
9.100000000000000000e+02,1.000000000000000000e+00,3.142500000000000293e-01
9.110000000000000000e+02,1.000000000000000000e+00,3.142500000000000293e-01
9.120000000000000000e+02,1.000000000000000000e+00,3.127499999999999725e-01
9.130000000000000000e+02,1.000000000000000000e+00,3.109999999999999432e-01
9.140000000000000000e+02,1.000000000000000000e+00,3.102499999999999147e-01
9.150000000000000000e+02,1.000000000000000000e+00,3.069999999999998286e-01
9.160000000000000000e+02,1.000000000000000000e+00,3.094999999999998863e-01
9.170000000000000000e+02,1.000000000000000000e+00,3.142500000000000293e-01
9.180000000000000000e+02,1.000000000000000000e+00,3.135000000000000009e-01
9.190000000000000000e+02,1.000000000000000000e+00,3.127499999999999725e-01
9.200000000000000000e+02,1.000000000000000000e+00,3.109999999999999432e-01
9.210000000000000000e+02,1.000000000000000000e+00,3.102499999999999147e-01
9.220000000000000000e+02,1.000000000000000000e+00,3.109999999999999432e-01
9.230000000000000000e+02,1.000000000000000000e+00,3.142500000000000293e-01
9.240000000000000000e+02,1.000000000000000000e+00,3.119999999999999440e-01
9.250000000000000000e+02,1.000000000000000000e+00,3.135000000000000009e-01
9.260000000000000000e+02,1.000000000000000000e+00,3.102499999999999147e-01
9.270000000000000000e+02,1.000000000000000000e+00,3.135000000000000009e-01
9.280000000000000000e+02,1.000000000000000000e+00,3.119999999999999440e-01
9.290000000000000000e+02,1.000000000000000000e+00,3.119999999999999440e-01
9.300000000000000000e+02,1.000000000000000000e+00,3.135000000000000009e-01
9.310000000000000000e+02,1.000000000000000000e+00,3.142500000000000293e-01
9.320000000000000000e+02,1.000000000000000000e+00,3.142500000000000293e-01
9.330000000000000000e+02,1.000000000000000000e+00,3.142500000000000293e-01
9.340000000000000000e+02,1.000000000000000000e+00,3.142500000000000293e-01
9.350000000000000000e+02,1.000000000000000000e+00,3.142500000000000293e-01
9.360000000000000000e+02,1.000000000000000000e+00,3.142500000000000293e-01
9.370000000000000000e+02,1.000000000000000000e+00,3.142500000000000293e-01
9.380000000000000000e+02,1.000000000000000000e+00,3.142500000000000293e-01
9.390000000000000000e+02,1.000000000000000000e+00,3.142500000000000293e-01
9.400000000000000000e+02,1.000000000000000000e+00,3.174999999999998934e-01
9.410000000000000000e+02,1.000000000000000000e+00,3.182499999999999218e-01
9.420000000000000000e+02,1.000000000000000000e+00,3.142500000000000293e-01
9.430000000000000000e+02,1.000000000000000000e+00,3.142500000000000293e-01
9.440000000000000000e+02,1.000000000000000000e+00,3.192499999999999227e-01
9.450000000000000000e+02,1.000000000000000000e+00,3.215000000000000080e-01
9.460000000000000000e+02,1.000000000000000000e+00,3.207499999999999796e-01
9.470000000000000000e+02,1.000000000000000000e+00,3.152499999999999747e-01
9.480000000000000000e+02,1.000000000000000000e+00,3.160000000000000031e-01
9.490000000000000000e+02,1.000000000000000000e+00,3.192499999999999227e-01
9.500000000000000000e+02,1.000000000000000000e+00,3.224999999999999534e-01
9.510000000000000000e+02,1.000000000000000000e+00,3.224999999999999534e-01
9.520000000000000000e+02,1.000000000000000000e+00,3.232499999999999818e-01
9.530000000000000000e+02,1.000000000000000000e+00,3.254999999999999005e-01
9.540000000000000000e+02,1.000000000000000000e+00,3.297499999999999321e-01
9.550000000000000000e+02,1.000000000000000000e+00,3.297499999999999321e-01
9.560000000000000000e+02,1.000000000000000000e+00,3.264999999999999014e-01
9.570000000000000000e+02,1.000000000000000000e+00,3.254999999999999005e-01
9.580000000000000000e+02,1.000000000000000000e+00,3.272499999999999298e-01
9.590000000000000000e+02,1.000000000000000000e+00,3.297499999999999321e-01
9.600000000000000000e+02,1.000000000000000000e+00,3.232499999999999818e-01
9.610000000000000000e+02,1.000000000000000000e+00,3.254999999999999005e-01
9.620000000000000000e+02,1.000000000000000000e+00,3.304999999999999605e-01
9.630000000000000000e+02,1.000000000000000000e+00,3.304999999999999605e-01
9.640000000000000000e+02,1.000000000000000000e+00,3.264999999999999014e-01
9.650000000000000000e+02,1.000000000000000000e+00,3.224999999999999534e-01
9.660000000000000000e+02,1.000000000000000000e+00,3.224999999999999534e-01
9.670000000000000000e+02,1.000000000000000000e+00,3.224999999999999534e-01
9.680000000000000000e+02,1.000000000000000000e+00,3.224999999999999534e-01
9.690000000000000000e+02,1.000000000000000000e+00,3.224999999999999534e-01
9.700000000000000000e+02,1.000000000000000000e+00,3.224999999999999534e-01
9.710000000000000000e+02,1.000000000000000000e+00,3.215000000000000080e-01
9.720000000000000000e+02,1.000000000000000000e+00,3.142500000000000293e-01
9.730000000000000000e+02,1.000000000000000000e+00,3.224999999999999534e-01
9.740000000000000000e+02,1.000000000000000000e+00,3.224999999999999534e-01
9.750000000000000000e+02,1.000000000000000000e+00,3.224999999999999534e-01
9.760000000000000000e+02,1.000000000000000000e+00,3.224999999999999534e-01
9.770000000000000000e+02,1.000000000000000000e+00,3.215000000000000080e-01
9.780000000000000000e+02,1.000000000000000000e+00,3.142500000000000293e-01
9.790000000000000000e+02,1.000000000000000000e+00,3.142500000000000293e-01
9.800000000000000000e+02,1.000000000000000000e+00,3.224999999999999534e-01
9.810000000000000000e+02,1.000000000000000000e+00,3.224999999999999534e-01
9.820000000000000000e+02,1.000000000000000000e+00,3.224999999999999534e-01
9.830000000000000000e+02,1.000000000000000000e+00,3.254999999999999005e-01
9.840000000000000000e+02,1.000000000000000000e+00,3.272499999999999298e-01
9.850000000000000000e+02,1.000000000000000000e+00,3.254999999999999005e-01
9.860000000000000000e+02,1.000000000000000000e+00,3.224999999999999534e-01
9.870000000000000000e+02,1.000000000000000000e+00,3.224999999999999534e-01
9.880000000000000000e+02,1.000000000000000000e+00,3.224999999999999534e-01
9.890000000000000000e+02,1.000000000000000000e+00,3.224999999999999534e-01
9.900000000000000000e+02,1.000000000000000000e+00,3.207499999999999796e-01
